   0.000000e+00	   0.000000e+00
   5.005005e-03	   0.000000e+00
   1.001001e-02	   0.000000e+00
   1.501502e-02	   0.000000e+00
   2.002002e-02	   0.000000e+00
   2.502503e-02	   0.000000e+00
   3.003003e-02	   0.000000e+00
   3.503504e-02	   0.000000e+00
   4.004004e-02	   0.000000e+00
   4.504505e-02	   0.000000e+00
   5.005005e-02	   0.000000e+00
   5.505506e-02	   0.000000e+00
   6.006006e-02	   0.000000e+00
   6.506507e-02	   0.000000e+00
   7.007007e-02	   0.000000e+00
   7.507508e-02	   0.000000e+00
   8.008008e-02	   0.000000e+00
   8.508509e-02	   0.000000e+00
   9.009009e-02	   0.000000e+00
   9.509510e-02	   0.000000e+00
   1.001001e-01	   0.000000e+00
   1.051051e-01	   0.000000e+00
   1.101101e-01	   0.000000e+00
   1.151151e-01	   0.000000e+00
   1.201201e-01	   0.000000e+00
   1.251251e-01	   0.000000e+00
   1.301301e-01	   0.000000e+00
   1.351351e-01	   0.000000e+00
   1.401401e-01	   0.000000e+00
   1.451451e-01	   0.000000e+00
   1.501502e-01	   0.000000e+00
   1.551552e-01	   0.000000e+00
   1.601602e-01	   0.000000e+00
   1.651652e-01	   0.000000e+00
   1.701702e-01	   0.000000e+00
   1.751752e-01	   0.000000e+00
   1.801802e-01	   0.000000e+00
   1.851852e-01	   0.000000e+00
   1.901902e-01	   0.000000e+00
   1.951952e-01	   0.000000e+00
   2.002002e-01	   0.000000e+00
   2.052052e-01	   0.000000e+00
   2.102102e-01	   0.000000e+00
   2.152152e-01	   0.000000e+00
   2.202202e-01	   0.000000e+00
   2.252252e-01	   0.000000e+00
   2.302302e-01	   0.000000e+00
   2.352352e-01	   0.000000e+00
   2.402402e-01	   0.000000e+00
   2.452452e-01	   0.000000e+00
   2.502503e-01	   0.000000e+00
   2.552553e-01	   0.000000e+00
   2.602603e-01	   0.000000e+00
   2.652653e-01	   0.000000e+00
   2.702703e-01	   0.000000e+00
   2.752753e-01	   0.000000e+00
   2.802803e-01	   0.000000e+00
   2.852853e-01	   0.000000e+00
   2.902903e-01	   0.000000e+00
   2.952953e-01	   0.000000e+00
   3.003003e-01	   0.000000e+00
   3.053053e-01	   0.000000e+00
   3.103103e-01	   0.000000e+00
   3.153153e-01	   0.000000e+00
   3.203203e-01	   0.000000e+00
   3.253253e-01	   0.000000e+00
   3.303303e-01	   0.000000e+00
   3.353353e-01	   0.000000e+00
   3.403403e-01	   0.000000e+00
   3.453453e-01	   0.000000e+00
   3.503504e-01	   0.000000e+00
   3.553554e-01	   0.000000e+00
   3.603604e-01	   0.000000e+00
   3.653654e-01	   0.000000e+00
   3.703704e-01	   0.000000e+00
   3.753754e-01	   0.000000e+00
   3.803804e-01	   0.000000e+00
   3.853854e-01	   0.000000e+00
   3.903904e-01	   0.000000e+00
   3.953954e-01	   0.000000e+00
   4.004004e-01	   0.000000e+00
   4.054054e-01	   0.000000e+00
   4.104104e-01	   0.000000e+00
   4.154154e-01	   0.000000e+00
   4.204204e-01	   0.000000e+00
   4.254254e-01	   0.000000e+00
   4.304304e-01	   0.000000e+00
   4.354354e-01	   0.000000e+00
   4.404404e-01	   0.000000e+00
   4.454454e-01	   0.000000e+00
   4.504505e-01	   0.000000e+00
   4.554555e-01	   0.000000e+00
   4.604605e-01	   0.000000e+00
   4.654655e-01	   0.000000e+00
   4.704705e-01	   0.000000e+00
   4.754755e-01	   0.000000e+00
   4.804805e-01	   0.000000e+00
   4.854855e-01	   0.000000e+00
   4.904905e-01	   0.000000e+00
   4.954955e-01	   0.000000e+00
   5.005005e-01	   0.000000e+00
   5.055055e-01	   0.000000e+00
   5.105105e-01	   0.000000e+00
   5.155155e-01	   0.000000e+00
   5.205205e-01	   0.000000e+00
   5.255255e-01	   0.000000e+00
   5.305305e-01	   0.000000e+00
   5.355355e-01	   0.000000e+00
   5.405405e-01	   0.000000e+00
   5.455455e-01	   0.000000e+00
   5.505506e-01	   0.000000e+00
   5.555556e-01	   0.000000e+00
   5.605606e-01	   0.000000e+00
   5.655656e-01	   0.000000e+00
   5.705706e-01	   0.000000e+00
   5.755756e-01	   0.000000e+00
   5.805806e-01	   0.000000e+00
   5.855856e-01	   0.000000e+00
   5.905906e-01	   0.000000e+00
   5.955956e-01	   0.000000e+00
   6.006006e-01	   0.000000e+00
   6.056056e-01	   0.000000e+00
   6.106106e-01	   0.000000e+00
   6.156156e-01	   0.000000e+00
   6.206206e-01	   0.000000e+00
   6.256256e-01	   0.000000e+00
   6.306306e-01	   0.000000e+00
   6.356356e-01	   0.000000e+00
   6.406406e-01	   0.000000e+00
   6.456456e-01	   0.000000e+00
   6.506507e-01	   0.000000e+00
   6.556557e-01	   0.000000e+00
   6.606607e-01	   0.000000e+00
   6.656657e-01	   0.000000e+00
   6.706707e-01	   0.000000e+00
   6.756757e-01	   0.000000e+00
   6.806807e-01	   0.000000e+00
   6.856857e-01	   0.000000e+00
   6.906907e-01	   0.000000e+00
   6.956957e-01	   0.000000e+00
   7.007007e-01	   0.000000e+00
   7.057057e-01	   0.000000e+00
   7.107107e-01	   0.000000e+00
   7.157157e-01	   0.000000e+00
   7.207207e-01	   0.000000e+00
   7.257257e-01	   0.000000e+00
   7.307307e-01	   0.000000e+00
   7.357357e-01	   0.000000e+00
   7.407407e-01	   0.000000e+00
   7.457457e-01	   0.000000e+00
   7.507508e-01	   0.000000e+00
   7.557558e-01	   0.000000e+00
   7.607608e-01	   0.000000e+00
   7.657658e-01	   0.000000e+00
   7.707708e-01	   0.000000e+00
   7.757758e-01	   0.000000e+00
   7.807808e-01	   0.000000e+00
   7.857858e-01	   0.000000e+00
   7.907908e-01	   0.000000e+00
   7.957958e-01	   0.000000e+00
   8.008008e-01	   0.000000e+00
   8.058058e-01	   0.000000e+00
   8.108108e-01	   0.000000e+00
   8.158158e-01	   0.000000e+00
   8.208208e-01	   0.000000e+00
   8.258258e-01	   0.000000e+00
   8.308308e-01	   0.000000e+00
   8.358358e-01	   0.000000e+00
   8.408408e-01	   0.000000e+00
   8.458458e-01	   0.000000e+00
   8.508509e-01	   0.000000e+00
   8.558559e-01	   0.000000e+00
   8.608609e-01	   0.000000e+00
   8.658659e-01	   0.000000e+00
   8.708709e-01	   0.000000e+00
   8.758759e-01	   0.000000e+00
   8.808809e-01	   0.000000e+00
   8.858859e-01	   0.000000e+00
   8.908909e-01	   0.000000e+00
   8.958959e-01	   0.000000e+00
   9.009009e-01	   0.000000e+00
   9.059059e-01	   0.000000e+00
   9.109109e-01	   0.000000e+00
   9.159159e-01	   0.000000e+00
   9.209209e-01	   0.000000e+00
   9.259259e-01	   0.000000e+00
   9.309309e-01	   0.000000e+00
   9.359359e-01	   0.000000e+00
   9.409409e-01	   0.000000e+00
   9.459459e-01	   0.000000e+00
   9.509510e-01	   0.000000e+00
   9.559560e-01	   0.000000e+00
   9.609610e-01	   0.000000e+00
   9.659660e-01	   0.000000e+00
   9.709710e-01	   0.000000e+00
   9.759760e-01	   0.000000e+00
   9.809810e-01	   0.000000e+00
   9.859860e-01	   0.000000e+00
   9.909910e-01	   0.000000e+00
   9.959960e-01	   0.000000e+00
   1.001001e+00	   0.000000e+00
   1.006006e+00	   0.000000e+00
   1.011011e+00	   0.000000e+00
   1.016016e+00	   0.000000e+00
   1.021021e+00	   0.000000e+00
   1.026026e+00	   0.000000e+00
   1.031031e+00	   0.000000e+00
   1.036036e+00	   0.000000e+00
   1.041041e+00	   0.000000e+00
   1.046046e+00	   0.000000e+00
   1.051051e+00	   0.000000e+00
   1.056056e+00	   0.000000e+00
   1.061061e+00	   0.000000e+00
   1.066066e+00	   0.000000e+00
   1.071071e+00	   0.000000e+00
   1.076076e+00	   0.000000e+00
   1.081081e+00	   0.000000e+00
   1.086086e+00	   0.000000e+00
   1.091091e+00	   0.000000e+00
   1.096096e+00	   0.000000e+00
   1.101101e+00	   0.000000e+00
   1.106106e+00	   0.000000e+00
   1.111111e+00	   0.000000e+00
   1.116116e+00	   0.000000e+00
   1.121121e+00	   0.000000e+00
   1.126126e+00	   0.000000e+00
   1.131131e+00	   0.000000e+00
   1.136136e+00	   0.000000e+00
   1.141141e+00	   0.000000e+00
   1.146146e+00	   0.000000e+00
   1.151151e+00	   0.000000e+00
   1.156156e+00	   0.000000e+00
   1.161161e+00	   0.000000e+00
   1.166166e+00	   0.000000e+00
   1.171171e+00	   0.000000e+00
   1.176176e+00	   0.000000e+00
   1.181181e+00	   0.000000e+00
   1.186186e+00	   0.000000e+00
   1.191191e+00	   0.000000e+00
   1.196196e+00	   0.000000e+00
   1.201201e+00	   0.000000e+00
   1.206206e+00	   0.000000e+00
   1.211211e+00	   0.000000e+00
   1.216216e+00	   0.000000e+00
   1.221221e+00	   0.000000e+00
   1.226226e+00	   0.000000e+00
   1.231231e+00	   0.000000e+00
   1.236236e+00	   0.000000e+00
   1.241241e+00	   0.000000e+00
   1.246246e+00	   0.000000e+00
   1.251251e+00	   0.000000e+00
   1.256256e+00	   0.000000e+00
   1.261261e+00	   0.000000e+00
   1.266266e+00	   0.000000e+00
   1.271271e+00	   0.000000e+00
   1.276276e+00	   0.000000e+00
   1.281281e+00	   0.000000e+00
   1.286286e+00	   0.000000e+00
   1.291291e+00	   0.000000e+00
   1.296296e+00	   0.000000e+00
   1.301301e+00	   0.000000e+00
   1.306306e+00	   0.000000e+00
   1.311311e+00	   0.000000e+00
   1.316316e+00	   0.000000e+00
   1.321321e+00	   0.000000e+00
   1.326326e+00	   0.000000e+00
   1.331331e+00	   0.000000e+00
   1.336336e+00	   0.000000e+00
   1.341341e+00	   0.000000e+00
   1.346346e+00	   0.000000e+00
   1.351351e+00	   0.000000e+00
   1.356356e+00	   0.000000e+00
   1.361361e+00	   0.000000e+00
   1.366366e+00	   0.000000e+00
   1.371371e+00	   0.000000e+00
   1.376376e+00	   0.000000e+00
   1.381381e+00	   0.000000e+00
   1.386386e+00	   0.000000e+00
   1.391391e+00	   0.000000e+00
   1.396396e+00	   0.000000e+00
   1.401401e+00	   0.000000e+00
   1.406406e+00	   0.000000e+00
   1.411411e+00	   0.000000e+00
   1.416416e+00	   0.000000e+00
   1.421421e+00	   0.000000e+00
   1.426426e+00	   0.000000e+00
   1.431431e+00	   0.000000e+00
   1.436436e+00	   0.000000e+00
   1.441441e+00	   0.000000e+00
   1.446446e+00	   0.000000e+00
   1.451451e+00	   0.000000e+00
   1.456456e+00	   0.000000e+00
   1.461461e+00	   0.000000e+00
   1.466466e+00	   0.000000e+00
   1.471471e+00	   0.000000e+00
   1.476476e+00	   0.000000e+00
   1.481481e+00	   0.000000e+00
   1.486486e+00	   0.000000e+00
   1.491491e+00	   0.000000e+00
   1.496496e+00	   0.000000e+00
   1.501502e+00	   0.000000e+00
   1.506507e+00	   0.000000e+00
   1.511512e+00	   0.000000e+00
   1.516517e+00	   0.000000e+00
   1.521522e+00	   0.000000e+00
   1.526527e+00	   0.000000e+00
   1.531532e+00	   0.000000e+00
   1.536537e+00	   0.000000e+00
   1.541542e+00	   0.000000e+00
   1.546547e+00	   0.000000e+00
   1.551552e+00	   0.000000e+00
   1.556557e+00	   0.000000e+00
   1.561562e+00	   0.000000e+00
   1.566567e+00	   0.000000e+00
   1.571572e+00	   0.000000e+00
   1.576577e+00	   0.000000e+00
   1.581582e+00	   0.000000e+00
   1.586587e+00	   0.000000e+00
   1.591592e+00	   0.000000e+00
   1.596597e+00	   0.000000e+00
   1.601602e+00	   0.000000e+00
   1.606607e+00	   0.000000e+00
   1.611612e+00	   0.000000e+00
   1.616617e+00	   0.000000e+00
   1.621622e+00	   0.000000e+00
   1.626627e+00	   0.000000e+00
   1.631632e+00	   0.000000e+00
   1.636637e+00	   0.000000e+00
   1.641642e+00	   0.000000e+00
   1.646647e+00	   0.000000e+00
   1.651652e+00	   0.000000e+00
   1.656657e+00	   0.000000e+00
   1.661662e+00	   0.000000e+00
   1.666667e+00	   0.000000e+00
   1.671672e+00	   0.000000e+00
   1.676677e+00	   0.000000e+00
   1.681682e+00	   0.000000e+00
   1.686687e+00	   0.000000e+00
   1.691692e+00	   0.000000e+00
   1.696697e+00	   0.000000e+00
   1.701702e+00	   0.000000e+00
   1.706707e+00	   0.000000e+00
   1.711712e+00	   0.000000e+00
   1.716717e+00	   0.000000e+00
   1.721722e+00	   0.000000e+00
   1.726727e+00	   0.000000e+00
   1.731732e+00	   0.000000e+00
   1.736737e+00	   0.000000e+00
   1.741742e+00	   0.000000e+00
   1.746747e+00	   0.000000e+00
   1.751752e+00	   0.000000e+00
   1.756757e+00	   0.000000e+00
   1.761762e+00	   0.000000e+00
   1.766767e+00	   0.000000e+00
   1.771772e+00	   0.000000e+00
   1.776777e+00	   0.000000e+00
   1.781782e+00	   0.000000e+00
   1.786787e+00	   0.000000e+00
   1.791792e+00	   0.000000e+00
   1.796797e+00	   0.000000e+00
   1.801802e+00	   0.000000e+00
   1.806807e+00	   0.000000e+00
   1.811812e+00	   0.000000e+00
   1.816817e+00	   0.000000e+00
   1.821822e+00	   0.000000e+00
   1.826827e+00	   0.000000e+00
   1.831832e+00	   0.000000e+00
   1.836837e+00	   0.000000e+00
   1.841842e+00	   0.000000e+00
   1.846847e+00	   0.000000e+00
   1.851852e+00	   0.000000e+00
   1.856857e+00	   0.000000e+00
   1.861862e+00	   0.000000e+00
   1.866867e+00	   0.000000e+00
   1.871872e+00	   0.000000e+00
   1.876877e+00	   0.000000e+00
   1.881882e+00	   0.000000e+00
   1.886887e+00	   0.000000e+00
   1.891892e+00	   0.000000e+00
   1.896897e+00	   0.000000e+00
   1.901902e+00	   0.000000e+00
   1.906907e+00	   0.000000e+00
   1.911912e+00	   0.000000e+00
   1.916917e+00	   0.000000e+00
   1.921922e+00	   0.000000e+00
   1.926927e+00	   0.000000e+00
   1.931932e+00	   0.000000e+00
   1.936937e+00	   0.000000e+00
   1.941942e+00	   0.000000e+00
   1.946947e+00	   0.000000e+00
   1.951952e+00	   0.000000e+00
   1.956957e+00	   0.000000e+00
   1.961962e+00	   0.000000e+00
   1.966967e+00	   0.000000e+00
   1.971972e+00	   0.000000e+00
   1.976977e+00	   0.000000e+00
   1.981982e+00	   0.000000e+00
   1.986987e+00	   0.000000e+00
   1.991992e+00	   0.000000e+00
   1.996997e+00	   0.000000e+00
   2.002002e+00	   0.000000e+00
   2.007007e+00	   0.000000e+00
   2.012012e+00	   0.000000e+00
   2.017017e+00	   0.000000e+00
   2.022022e+00	   0.000000e+00
   2.027027e+00	   0.000000e+00
   2.032032e+00	   0.000000e+00
   2.037037e+00	   0.000000e+00
   2.042042e+00	   0.000000e+00
   2.047047e+00	   0.000000e+00
   2.052052e+00	   0.000000e+00
   2.057057e+00	   0.000000e+00
   2.062062e+00	   0.000000e+00
   2.067067e+00	   0.000000e+00
   2.072072e+00	   0.000000e+00
   2.077077e+00	   0.000000e+00
   2.082082e+00	   0.000000e+00
   2.087087e+00	   0.000000e+00
   2.092092e+00	   0.000000e+00
   2.097097e+00	   0.000000e+00
   2.102102e+00	   0.000000e+00
   2.107107e+00	   0.000000e+00
   2.112112e+00	   0.000000e+00
   2.117117e+00	   0.000000e+00
   2.122122e+00	   0.000000e+00
   2.127127e+00	   0.000000e+00
   2.132132e+00	   0.000000e+00
   2.137137e+00	   0.000000e+00
   2.142142e+00	   0.000000e+00
   2.147147e+00	   0.000000e+00
   2.152152e+00	   0.000000e+00
   2.157157e+00	   0.000000e+00
   2.162162e+00	   0.000000e+00
   2.167167e+00	   0.000000e+00
   2.172172e+00	   0.000000e+00
   2.177177e+00	   0.000000e+00
   2.182182e+00	   0.000000e+00
   2.187187e+00	   0.000000e+00
   2.192192e+00	   0.000000e+00
   2.197197e+00	   0.000000e+00
   2.202202e+00	   0.000000e+00
   2.207207e+00	   0.000000e+00
   2.212212e+00	   0.000000e+00
   2.217217e+00	   0.000000e+00
   2.222222e+00	   0.000000e+00
   2.227227e+00	   0.000000e+00
   2.232232e+00	   0.000000e+00
   2.237237e+00	   0.000000e+00
   2.242242e+00	   0.000000e+00
   2.247247e+00	   0.000000e+00
   2.252252e+00	   0.000000e+00
   2.257257e+00	   0.000000e+00
   2.262262e+00	   0.000000e+00
   2.267267e+00	   0.000000e+00
   2.272272e+00	   0.000000e+00
   2.277277e+00	   0.000000e+00
   2.282282e+00	   0.000000e+00
   2.287287e+00	   0.000000e+00
   2.292292e+00	   0.000000e+00
   2.297297e+00	   0.000000e+00
   2.302302e+00	   0.000000e+00
   2.307307e+00	   0.000000e+00
   2.312312e+00	   0.000000e+00
   2.317317e+00	   0.000000e+00
   2.322322e+00	   0.000000e+00
   2.327327e+00	   0.000000e+00
   2.332332e+00	   0.000000e+00
   2.337337e+00	   0.000000e+00
   2.342342e+00	   0.000000e+00
   2.347347e+00	   0.000000e+00
   2.352352e+00	   0.000000e+00
   2.357357e+00	   0.000000e+00
   2.362362e+00	   0.000000e+00
   2.367367e+00	   0.000000e+00
   2.372372e+00	   0.000000e+00
   2.377377e+00	   0.000000e+00
   2.382382e+00	   0.000000e+00
   2.387387e+00	   0.000000e+00
   2.392392e+00	   0.000000e+00
   2.397397e+00	   0.000000e+00
   2.402402e+00	   0.000000e+00
   2.407407e+00	   0.000000e+00
   2.412412e+00	   0.000000e+00
   2.417417e+00	   0.000000e+00
   2.422422e+00	   0.000000e+00
   2.427427e+00	   0.000000e+00
   2.432432e+00	   0.000000e+00
   2.437437e+00	   0.000000e+00
   2.442442e+00	   0.000000e+00
   2.447447e+00	   0.000000e+00
   2.452452e+00	   0.000000e+00
   2.457457e+00	   0.000000e+00
   2.462462e+00	   0.000000e+00
   2.467467e+00	   0.000000e+00
   2.472472e+00	   0.000000e+00
   2.477477e+00	   0.000000e+00
   2.482482e+00	   0.000000e+00
   2.487487e+00	   0.000000e+00
   2.492492e+00	   0.000000e+00
   2.497497e+00	   0.000000e+00
   2.502503e+00	   0.000000e+00
   2.507508e+00	   0.000000e+00
   2.512513e+00	   0.000000e+00
   2.517518e+00	   0.000000e+00
   2.522523e+00	   0.000000e+00
   2.527528e+00	   0.000000e+00
   2.532533e+00	   0.000000e+00
   2.537538e+00	   0.000000e+00
   2.542543e+00	   0.000000e+00
   2.547548e+00	   0.000000e+00
   2.552553e+00	   0.000000e+00
   2.557558e+00	   0.000000e+00
   2.562563e+00	   0.000000e+00
   2.567568e+00	   0.000000e+00
   2.572573e+00	   0.000000e+00
   2.577578e+00	   0.000000e+00
   2.582583e+00	   0.000000e+00
   2.587588e+00	   0.000000e+00
   2.592593e+00	   0.000000e+00
   2.597598e+00	   0.000000e+00
   2.602603e+00	   0.000000e+00
   2.607608e+00	   0.000000e+00
   2.612613e+00	   0.000000e+00
   2.617618e+00	   0.000000e+00
   2.622623e+00	   0.000000e+00
   2.627628e+00	   0.000000e+00
   2.632633e+00	   0.000000e+00
   2.637638e+00	   0.000000e+00
   2.642643e+00	   0.000000e+00
   2.647648e+00	   0.000000e+00
   2.652653e+00	   0.000000e+00
   2.657658e+00	   0.000000e+00
   2.662663e+00	   0.000000e+00
   2.667668e+00	   0.000000e+00
   2.672673e+00	   0.000000e+00
   2.677678e+00	   0.000000e+00
   2.682683e+00	   0.000000e+00
   2.687688e+00	   0.000000e+00
   2.692693e+00	   0.000000e+00
   2.697698e+00	   0.000000e+00
   2.702703e+00	   0.000000e+00
   2.707708e+00	   0.000000e+00
   2.712713e+00	   0.000000e+00
   2.717718e+00	   0.000000e+00
   2.722723e+00	   0.000000e+00
   2.727728e+00	   0.000000e+00
   2.732733e+00	   0.000000e+00
   2.737738e+00	   0.000000e+00
   2.742743e+00	   0.000000e+00
   2.747748e+00	   0.000000e+00
   2.752753e+00	   0.000000e+00
   2.757758e+00	   0.000000e+00
   2.762763e+00	   0.000000e+00
   2.767768e+00	   0.000000e+00
   2.772773e+00	   0.000000e+00
   2.777778e+00	   0.000000e+00
   2.782783e+00	   0.000000e+00
   2.787788e+00	   0.000000e+00
   2.792793e+00	   0.000000e+00
   2.797798e+00	   0.000000e+00
   2.802803e+00	   0.000000e+00
   2.807808e+00	   0.000000e+00
   2.812813e+00	   0.000000e+00
   2.817818e+00	   0.000000e+00
   2.822823e+00	   0.000000e+00
   2.827828e+00	   0.000000e+00
   2.832833e+00	   0.000000e+00
   2.837838e+00	   0.000000e+00
   2.842843e+00	   0.000000e+00
   2.847848e+00	   0.000000e+00
   2.852853e+00	   0.000000e+00
   2.857858e+00	   0.000000e+00
   2.862863e+00	   0.000000e+00
   2.867868e+00	   0.000000e+00
   2.872873e+00	   0.000000e+00
   2.877878e+00	   0.000000e+00
   2.882883e+00	   0.000000e+00
   2.887888e+00	   0.000000e+00
   2.892893e+00	   0.000000e+00
   2.897898e+00	   0.000000e+00
   2.902903e+00	   0.000000e+00
   2.907908e+00	   0.000000e+00
   2.912913e+00	   0.000000e+00
   2.917918e+00	   0.000000e+00
   2.922923e+00	   0.000000e+00
   2.927928e+00	   0.000000e+00
   2.932933e+00	   0.000000e+00
   2.937938e+00	   0.000000e+00
   2.942943e+00	   0.000000e+00
   2.947948e+00	   0.000000e+00
   2.952953e+00	   0.000000e+00
   2.957958e+00	   0.000000e+00
   2.962963e+00	   0.000000e+00
   2.967968e+00	   0.000000e+00
   2.972973e+00	   0.000000e+00
   2.977978e+00	   0.000000e+00
   2.982983e+00	   0.000000e+00
   2.987988e+00	   0.000000e+00
   2.992993e+00	   0.000000e+00
   2.997998e+00	   0.000000e+00
   3.003003e+00	   0.000000e+00
   3.008008e+00	   0.000000e+00
   3.013013e+00	   0.000000e+00
   3.018018e+00	   0.000000e+00
   3.023023e+00	   0.000000e+00
   3.028028e+00	   0.000000e+00
   3.033033e+00	   0.000000e+00
   3.038038e+00	   0.000000e+00
   3.043043e+00	   0.000000e+00
   3.048048e+00	   0.000000e+00
   3.053053e+00	   0.000000e+00
   3.058058e+00	   0.000000e+00
   3.063063e+00	   0.000000e+00
   3.068068e+00	   0.000000e+00
   3.073073e+00	   0.000000e+00
   3.078078e+00	   0.000000e+00
   3.083083e+00	   0.000000e+00
   3.088088e+00	   0.000000e+00
   3.093093e+00	   0.000000e+00
   3.098098e+00	   0.000000e+00
   3.103103e+00	   0.000000e+00
   3.108108e+00	   0.000000e+00
   3.113113e+00	   0.000000e+00
   3.118118e+00	   0.000000e+00
   3.123123e+00	   0.000000e+00
   3.128128e+00	   0.000000e+00
   3.133133e+00	   0.000000e+00
   3.138138e+00	   0.000000e+00
   3.143143e+00	   0.000000e+00
   3.148148e+00	   0.000000e+00
   3.153153e+00	   0.000000e+00
   3.158158e+00	   0.000000e+00
   3.163163e+00	   0.000000e+00
   3.168168e+00	   0.000000e+00
   3.173173e+00	   0.000000e+00
   3.178178e+00	   0.000000e+00
   3.183183e+00	   0.000000e+00
   3.188188e+00	   0.000000e+00
   3.193193e+00	   0.000000e+00
   3.198198e+00	   0.000000e+00
   3.203203e+00	   0.000000e+00
   3.208208e+00	   0.000000e+00
   3.213213e+00	   0.000000e+00
   3.218218e+00	   0.000000e+00
   3.223223e+00	   0.000000e+00
   3.228228e+00	   0.000000e+00
   3.233233e+00	   0.000000e+00
   3.238238e+00	   0.000000e+00
   3.243243e+00	   0.000000e+00
   3.248248e+00	   0.000000e+00
   3.253253e+00	   0.000000e+00
   3.258258e+00	   0.000000e+00
   3.263263e+00	   0.000000e+00
   3.268268e+00	   0.000000e+00
   3.273273e+00	   0.000000e+00
   3.278278e+00	   0.000000e+00
   3.283283e+00	   0.000000e+00
   3.288288e+00	   0.000000e+00
   3.293293e+00	   0.000000e+00
   3.298298e+00	   0.000000e+00
   3.303303e+00	   0.000000e+00
   3.308308e+00	   0.000000e+00
   3.313313e+00	   0.000000e+00
   3.318318e+00	   0.000000e+00
   3.323323e+00	   0.000000e+00
   3.328328e+00	   0.000000e+00
   3.333333e+00	   0.000000e+00
   3.338338e+00	   0.000000e+00
   3.343343e+00	   0.000000e+00
   3.348348e+00	   0.000000e+00
   3.353353e+00	   0.000000e+00
   3.358358e+00	   0.000000e+00
   3.363363e+00	   0.000000e+00
   3.368368e+00	   0.000000e+00
   3.373373e+00	   0.000000e+00
   3.378378e+00	   0.000000e+00
   3.383383e+00	   0.000000e+00
   3.388388e+00	   0.000000e+00
   3.393393e+00	   0.000000e+00
   3.398398e+00	   0.000000e+00
   3.403403e+00	   0.000000e+00
   3.408408e+00	   0.000000e+00
   3.413413e+00	   0.000000e+00
   3.418418e+00	   0.000000e+00
   3.423423e+00	   0.000000e+00
   3.428428e+00	   0.000000e+00
   3.433433e+00	   0.000000e+00
   3.438438e+00	   0.000000e+00
   3.443443e+00	   0.000000e+00
   3.448448e+00	   0.000000e+00
   3.453453e+00	   0.000000e+00
   3.458458e+00	   0.000000e+00
   3.463463e+00	   0.000000e+00
   3.468468e+00	   0.000000e+00
   3.473473e+00	   0.000000e+00
   3.478478e+00	   0.000000e+00
   3.483483e+00	   0.000000e+00
   3.488488e+00	   0.000000e+00
   3.493493e+00	   0.000000e+00
   3.498498e+00	   0.000000e+00
   3.503504e+00	   0.000000e+00
   3.508509e+00	   0.000000e+00
   3.513514e+00	   0.000000e+00
   3.518519e+00	   0.000000e+00
   3.523524e+00	   0.000000e+00
   3.528529e+00	   0.000000e+00
   3.533534e+00	   0.000000e+00
   3.538539e+00	   0.000000e+00
   3.543544e+00	   0.000000e+00
   3.548549e+00	   0.000000e+00
   3.553554e+00	   0.000000e+00
   3.558559e+00	   0.000000e+00
   3.563564e+00	   0.000000e+00
   3.568569e+00	   0.000000e+00
   3.573574e+00	   0.000000e+00
   3.578579e+00	   0.000000e+00
   3.583584e+00	   0.000000e+00
   3.588589e+00	   0.000000e+00
   3.593594e+00	   0.000000e+00
   3.598599e+00	   0.000000e+00
   3.603604e+00	   0.000000e+00
   3.608609e+00	   0.000000e+00
   3.613614e+00	   0.000000e+00
   3.618619e+00	   0.000000e+00
   3.623624e+00	   0.000000e+00
   3.628629e+00	   0.000000e+00
   3.633634e+00	   0.000000e+00
   3.638639e+00	   0.000000e+00
   3.643644e+00	   0.000000e+00
   3.648649e+00	   0.000000e+00
   3.653654e+00	   0.000000e+00
   3.658659e+00	   0.000000e+00
   3.663664e+00	   0.000000e+00
   3.668669e+00	   0.000000e+00
   3.673674e+00	   0.000000e+00
   3.678679e+00	   0.000000e+00
   3.683684e+00	   0.000000e+00
   3.688689e+00	   0.000000e+00
   3.693694e+00	   0.000000e+00
   3.698699e+00	   0.000000e+00
   3.703704e+00	   0.000000e+00
   3.708709e+00	   0.000000e+00
   3.713714e+00	   0.000000e+00
   3.718719e+00	   0.000000e+00
   3.723724e+00	   0.000000e+00
   3.728729e+00	   0.000000e+00
   3.733734e+00	   0.000000e+00
   3.738739e+00	   0.000000e+00
   3.743744e+00	   0.000000e+00
   3.748749e+00	   0.000000e+00
   3.753754e+00	   0.000000e+00
   3.758759e+00	   0.000000e+00
   3.763764e+00	   0.000000e+00
   3.768769e+00	   0.000000e+00
   3.773774e+00	   0.000000e+00
   3.778779e+00	   0.000000e+00
   3.783784e+00	   0.000000e+00
   3.788789e+00	   0.000000e+00
   3.793794e+00	   0.000000e+00
   3.798799e+00	   0.000000e+00
   3.803804e+00	   0.000000e+00
   3.808809e+00	   0.000000e+00
   3.813814e+00	   0.000000e+00
   3.818819e+00	   0.000000e+00
   3.823824e+00	   0.000000e+00
   3.828829e+00	   0.000000e+00
   3.833834e+00	   0.000000e+00
   3.838839e+00	   0.000000e+00
   3.843844e+00	   0.000000e+00
   3.848849e+00	   0.000000e+00
   3.853854e+00	   0.000000e+00
   3.858859e+00	   0.000000e+00
   3.863864e+00	   0.000000e+00
   3.868869e+00	   0.000000e+00
   3.873874e+00	   0.000000e+00
   3.878879e+00	   0.000000e+00
   3.883884e+00	   0.000000e+00
   3.888889e+00	   0.000000e+00
   3.893894e+00	   0.000000e+00
   3.898899e+00	   0.000000e+00
   3.903904e+00	   0.000000e+00
   3.908909e+00	   0.000000e+00
   3.913914e+00	   0.000000e+00
   3.918919e+00	   0.000000e+00
   3.923924e+00	   0.000000e+00
   3.928929e+00	   0.000000e+00
   3.933934e+00	   0.000000e+00
   3.938939e+00	   0.000000e+00
   3.943944e+00	   0.000000e+00
   3.948949e+00	   0.000000e+00
   3.953954e+00	   0.000000e+00
   3.958959e+00	   0.000000e+00
   3.963964e+00	   0.000000e+00
   3.968969e+00	   0.000000e+00
   3.973974e+00	   0.000000e+00
   3.978979e+00	   0.000000e+00
   3.983984e+00	   0.000000e+00
   3.988989e+00	   0.000000e+00
   3.993994e+00	   0.000000e+00
   3.998999e+00	   0.000000e+00
   4.004004e+00	   0.000000e+00
   4.009009e+00	   0.000000e+00
   4.014014e+00	   0.000000e+00
   4.019019e+00	   0.000000e+00
   4.024024e+00	   0.000000e+00
   4.029029e+00	   0.000000e+00
   4.034034e+00	   0.000000e+00
   4.039039e+00	   0.000000e+00
   4.044044e+00	   0.000000e+00
   4.049049e+00	   0.000000e+00
   4.054054e+00	   0.000000e+00
   4.059059e+00	   0.000000e+00
   4.064064e+00	   0.000000e+00
   4.069069e+00	   0.000000e+00
   4.074074e+00	   0.000000e+00
   4.079079e+00	   0.000000e+00
   4.084084e+00	   0.000000e+00
   4.089089e+00	   0.000000e+00
   4.094094e+00	   0.000000e+00
   4.099099e+00	   0.000000e+00
   4.104104e+00	   0.000000e+00
   4.109109e+00	   0.000000e+00
   4.114114e+00	   0.000000e+00
   4.119119e+00	   0.000000e+00
   4.124124e+00	   0.000000e+00
   4.129129e+00	   0.000000e+00
   4.134134e+00	   0.000000e+00
   4.139139e+00	   0.000000e+00
   4.144144e+00	   0.000000e+00
   4.149149e+00	   0.000000e+00
   4.154154e+00	   0.000000e+00
   4.159159e+00	   0.000000e+00
   4.164164e+00	   0.000000e+00
   4.169169e+00	   0.000000e+00
   4.174174e+00	   0.000000e+00
   4.179179e+00	   0.000000e+00
   4.184184e+00	   0.000000e+00
   4.189189e+00	   0.000000e+00
   4.194194e+00	   0.000000e+00
   4.199199e+00	   0.000000e+00
   4.204204e+00	   0.000000e+00
   4.209209e+00	   0.000000e+00
   4.214214e+00	   0.000000e+00
   4.219219e+00	   0.000000e+00
   4.224224e+00	   0.000000e+00
   4.229229e+00	   0.000000e+00
   4.234234e+00	   0.000000e+00
   4.239239e+00	   0.000000e+00
   4.244244e+00	   0.000000e+00
   4.249249e+00	   0.000000e+00
   4.254254e+00	   0.000000e+00
   4.259259e+00	   0.000000e+00
   4.264264e+00	   0.000000e+00
   4.269269e+00	   0.000000e+00
   4.274274e+00	   0.000000e+00
   4.279279e+00	   0.000000e+00
   4.284284e+00	   0.000000e+00
   4.289289e+00	   0.000000e+00
   4.294294e+00	   0.000000e+00
   4.299299e+00	   0.000000e+00
   4.304304e+00	   0.000000e+00
   4.309309e+00	   0.000000e+00
   4.314314e+00	   0.000000e+00
   4.319319e+00	   0.000000e+00
   4.324324e+00	   0.000000e+00
   4.329329e+00	   0.000000e+00
   4.334334e+00	   0.000000e+00
   4.339339e+00	   0.000000e+00
   4.344344e+00	   0.000000e+00
   4.349349e+00	   0.000000e+00
   4.354354e+00	   0.000000e+00
   4.359359e+00	   0.000000e+00
   4.364364e+00	   0.000000e+00
   4.369369e+00	   0.000000e+00
   4.374374e+00	   0.000000e+00
   4.379379e+00	   0.000000e+00
   4.384384e+00	   0.000000e+00
   4.389389e+00	   0.000000e+00
   4.394394e+00	   0.000000e+00
   4.399399e+00	   0.000000e+00
   4.404404e+00	   0.000000e+00
   4.409409e+00	   0.000000e+00
   4.414414e+00	   0.000000e+00
   4.419419e+00	   0.000000e+00
   4.424424e+00	   0.000000e+00
   4.429429e+00	   0.000000e+00
   4.434434e+00	   0.000000e+00
   4.439439e+00	   0.000000e+00
   4.444444e+00	   0.000000e+00
   4.449449e+00	   0.000000e+00
   4.454454e+00	   0.000000e+00
   4.459459e+00	   0.000000e+00
   4.464464e+00	   0.000000e+00
   4.469469e+00	   0.000000e+00
   4.474474e+00	   0.000000e+00
   4.479479e+00	   0.000000e+00
   4.484484e+00	   0.000000e+00
   4.489489e+00	   0.000000e+00
   4.494494e+00	   0.000000e+00
   4.499499e+00	   0.000000e+00
   4.504505e+00	   0.000000e+00
   4.509510e+00	   0.000000e+00
   4.514515e+00	   0.000000e+00
   4.519520e+00	   0.000000e+00
   4.524525e+00	   0.000000e+00
   4.529530e+00	   0.000000e+00
   4.534535e+00	   0.000000e+00
   4.539540e+00	   0.000000e+00
   4.544545e+00	   0.000000e+00
   4.549550e+00	   0.000000e+00
   4.554555e+00	   0.000000e+00
   4.559560e+00	   0.000000e+00
   4.564565e+00	   0.000000e+00
   4.569570e+00	   0.000000e+00
   4.574575e+00	   0.000000e+00
   4.579580e+00	   0.000000e+00
   4.584585e+00	   0.000000e+00
   4.589590e+00	   0.000000e+00
   4.594595e+00	   0.000000e+00
   4.599600e+00	   0.000000e+00
   4.604605e+00	   0.000000e+00
   4.609610e+00	   0.000000e+00
   4.614615e+00	   0.000000e+00
   4.619620e+00	   0.000000e+00
   4.624625e+00	   0.000000e+00
   4.629630e+00	   0.000000e+00
   4.634635e+00	   0.000000e+00
   4.639640e+00	   0.000000e+00
   4.644645e+00	   0.000000e+00
   4.649650e+00	   0.000000e+00
   4.654655e+00	   0.000000e+00
   4.659660e+00	   0.000000e+00
   4.664665e+00	   0.000000e+00
   4.669670e+00	   0.000000e+00
   4.674675e+00	   0.000000e+00
   4.679680e+00	   0.000000e+00
   4.684685e+00	   0.000000e+00
   4.689690e+00	   0.000000e+00
   4.694695e+00	   0.000000e+00
   4.699700e+00	   0.000000e+00
   4.704705e+00	   0.000000e+00
   4.709710e+00	   0.000000e+00
   4.714715e+00	   0.000000e+00
   4.719720e+00	   0.000000e+00
   4.724725e+00	   0.000000e+00
   4.729730e+00	   0.000000e+00
   4.734735e+00	   0.000000e+00
   4.739740e+00	   0.000000e+00
   4.744745e+00	   0.000000e+00
   4.749750e+00	   0.000000e+00
   4.754755e+00	   0.000000e+00
   4.759760e+00	   0.000000e+00
   4.764765e+00	   0.000000e+00
   4.769770e+00	   0.000000e+00
   4.774775e+00	   0.000000e+00
   4.779780e+00	   0.000000e+00
   4.784785e+00	   0.000000e+00
   4.789790e+00	   0.000000e+00
   4.794795e+00	   0.000000e+00
   4.799800e+00	   0.000000e+00
   4.804805e+00	   0.000000e+00
   4.809810e+00	   0.000000e+00
   4.814815e+00	   0.000000e+00
   4.819820e+00	   0.000000e+00
   4.824825e+00	   0.000000e+00
   4.829830e+00	   0.000000e+00
   4.834835e+00	   0.000000e+00
   4.839840e+00	   0.000000e+00
   4.844845e+00	   0.000000e+00
   4.849850e+00	   0.000000e+00
   4.854855e+00	   0.000000e+00
   4.859860e+00	   0.000000e+00
   4.864865e+00	   0.000000e+00
   4.869870e+00	   0.000000e+00
   4.874875e+00	   0.000000e+00
   4.879880e+00	   0.000000e+00
   4.884885e+00	   0.000000e+00
   4.889890e+00	   0.000000e+00
   4.894895e+00	   0.000000e+00
   4.899900e+00	   0.000000e+00
   4.904905e+00	   0.000000e+00
   4.909910e+00	   0.000000e+00
   4.914915e+00	   0.000000e+00
   4.919920e+00	   0.000000e+00
   4.924925e+00	   0.000000e+00
   4.929930e+00	   0.000000e+00
   4.934935e+00	   0.000000e+00
   4.939940e+00	   0.000000e+00
   4.944945e+00	   0.000000e+00
   4.949950e+00	   0.000000e+00
   4.954955e+00	   0.000000e+00
   4.959960e+00	   0.000000e+00
   4.964965e+00	   0.000000e+00
   4.969970e+00	   0.000000e+00
   4.974975e+00	   0.000000e+00
   4.979980e+00	   0.000000e+00
   4.984985e+00	   0.000000e+00
   4.989990e+00	   0.000000e+00
   4.994995e+00	   0.000000e+00
   5.000000e+00	   0.000000e+00
