   0.000000e+00	            nan
   5.005005e-03	   1.999532e+00
   1.001001e-02	   1.804003e+00
   1.501502e-02	   1.689629e+00
   2.002002e-02	   1.608484e+00
   2.502503e-02	   1.545547e+00
   3.003003e-02	   1.494126e+00
   3.503504e-02	   1.450655e+00
   4.004004e-02	   1.413002e+00
   4.504505e-02	   1.379792e+00
   5.005005e-02	   1.350089e+00
   5.505506e-02	   1.323222e+00
   6.006006e-02	   1.298698e+00
   6.506507e-02	   1.276140e+00
   7.007007e-02	   1.255259e+00
   7.507508e-02	   1.235821e+00
   8.008008e-02	   1.217642e+00
   8.508509e-02	   1.200567e+00
   9.009009e-02	   1.184472e+00
   9.509510e-02	   1.169250e+00
   1.001001e-01	   1.154811e+00
   1.051051e-01	   1.141080e+00
   1.101101e-01	   1.127991e+00
   1.151151e-01	   1.115486e+00
   1.201201e-01	   1.103515e+00
   1.251251e-01	   1.092036e+00
   1.301301e-01	   1.081010e+00
   1.351351e-01	   1.070403e+00
   1.401401e-01	   1.060183e+00
   1.451451e-01	   1.050325e+00
   1.501502e-01	   1.040803e+00
   1.551552e-01	   1.031596e+00
   1.601602e-01	   1.022684e+00
   1.651652e-01	   1.014048e+00
   1.701702e-01	   1.005672e+00
   1.751752e-01	   9.975416e-01
   1.801802e-01	   9.896421e-01
   1.851852e-01	   9.819613e-01
   1.901902e-01	   9.744875e-01
   1.951952e-01	   9.672100e-01
   2.002002e-01	   9.601189e-01
   2.052052e-01	   9.532050e-01
   2.102102e-01	   9.464598e-01
   2.152152e-01	   9.398754e-01
   2.202202e-01	   9.334444e-01
   2.252252e-01	   9.271599e-01
   2.302302e-01	   9.210156e-01
   2.352352e-01	   9.150055e-01
   2.402402e-01	   9.091238e-01
   2.452452e-01	   9.033654e-01
   2.502503e-01	   8.977252e-01
   2.552553e-01	   8.921987e-01
   2.602603e-01	   8.867813e-01
   2.652653e-01	   8.814691e-01
   2.702703e-01	   8.762580e-01
   2.752753e-01	   8.711444e-01
   2.802803e-01	   8.661248e-01
   2.852853e-01	   8.611958e-01
   2.902903e-01	   8.563544e-01
   2.952953e-01	   8.515975e-01
   3.003003e-01	   8.469224e-01
   3.053053e-01	   8.423263e-01
   3.103103e-01	   8.378067e-01
   3.153153e-01	   8.333612e-01
   3.203203e-01	   8.289874e-01
   3.253253e-01	   8.246831e-01
   3.303303e-01	   8.204463e-01
   3.353353e-01	   8.162748e-01
   3.403403e-01	   8.121668e-01
   3.453453e-01	   8.081205e-01
   3.503504e-01	   8.041340e-01
   3.553554e-01	   8.002057e-01
   3.603604e-01	   7.963340e-01
   3.653654e-01	   7.925173e-01
   3.703704e-01	   7.887542e-01
   3.753754e-01	   7.850431e-01
   3.803804e-01	   7.813828e-01
   3.853854e-01	   7.777719e-01
   3.903904e-01	   7.742092e-01
   3.953954e-01	   7.706934e-01
   4.004004e-01	   7.672233e-01
   4.054054e-01	   7.637979e-01
   4.104104e-01	   7.604161e-01
   4.154154e-01	   7.570767e-01
   4.204204e-01	   7.537789e-01
   4.254254e-01	   7.505215e-01
   4.304304e-01	   7.473038e-01
   4.354354e-01	   7.441247e-01
   4.404404e-01	   7.409834e-01
   4.454454e-01	   7.378790e-01
   4.504505e-01	   7.348108e-01
   4.554555e-01	   7.317779e-01
   4.604605e-01	   7.287796e-01
   4.654655e-01	   7.258151e-01
   4.704705e-01	   7.228837e-01
   4.754755e-01	   7.199848e-01
   4.804805e-01	   7.171176e-01
   4.854855e-01	   7.142815e-01
   4.904905e-01	   7.114758e-01
   4.954955e-01	   7.087000e-01
   5.005005e-01	   7.059535e-01
   5.055055e-01	   7.032356e-01
   5.105105e-01	   7.005458e-01
   5.155155e-01	   6.978837e-01
   5.205205e-01	   6.952485e-01
   5.255255e-01	   6.926399e-01
   5.305305e-01	   6.900574e-01
   5.355355e-01	   6.875004e-01
   5.405405e-01	   6.849684e-01
   5.455455e-01	   6.824611e-01
   5.505506e-01	   6.799780e-01
   5.555556e-01	   6.775186e-01
   5.605606e-01	   6.750825e-01
   5.655656e-01	   6.726694e-01
   5.705706e-01	   6.702787e-01
   5.755756e-01	   6.679102e-01
   5.805806e-01	   6.655635e-01
   5.855856e-01	   6.632381e-01
   5.905906e-01	   6.609337e-01
   5.955956e-01	   6.586500e-01
   6.006006e-01	   6.563866e-01
   6.056056e-01	   6.541432e-01
   6.106106e-01	   6.519194e-01
   6.156156e-01	   6.497150e-01
   6.206206e-01	   6.475296e-01
   6.256256e-01	   6.453630e-01
   6.306306e-01	   6.432148e-01
   6.356356e-01	   6.410847e-01
   6.406406e-01	   6.389725e-01
   6.456456e-01	   6.368779e-01
   6.506507e-01	   6.348007e-01
   6.556557e-01	   6.327404e-01
   6.606607e-01	   6.306970e-01
   6.656657e-01	   6.286702e-01
   6.706707e-01	   6.266596e-01
   6.756757e-01	   6.246651e-01
   6.806807e-01	   6.226864e-01
   6.856857e-01	   6.207234e-01
   6.906907e-01	   6.187757e-01
   6.956957e-01	   6.168432e-01
   7.007007e-01	   6.149256e-01
   7.057057e-01	   6.130228e-01
   7.107107e-01	   6.111344e-01
   7.157157e-01	   6.092604e-01
   7.207207e-01	   6.074006e-01
   7.257257e-01	   6.055546e-01
   7.307307e-01	   6.037225e-01
   7.357357e-01	   6.019038e-01
   7.407407e-01	   6.000986e-01
   7.457457e-01	   5.983065e-01
   7.507508e-01	   5.965275e-01
   7.557558e-01	   5.947613e-01
   7.607608e-01	   5.930078e-01
   7.657658e-01	   5.912668e-01
   7.707708e-01	   5.895382e-01
   7.757758e-01	   5.878218e-01
   7.807808e-01	   5.861174e-01
   7.857858e-01	   5.844250e-01
   7.907908e-01	   5.827442e-01
   7.957958e-01	   5.810751e-01
   8.008008e-01	   5.794174e-01
   8.058058e-01	   5.777711e-01
   8.108108e-01	   5.761359e-01
   8.158158e-01	   5.745117e-01
   8.208208e-01	   5.728984e-01
   8.258258e-01	   5.712960e-01
   8.308308e-01	   5.697041e-01
   8.358358e-01	   5.681228e-01
   8.408408e-01	   5.665519e-01
   8.458458e-01	   5.649912e-01
   8.508509e-01	   5.634407e-01
   8.558559e-01	   5.619002e-01
   8.608609e-01	   5.603697e-01
   8.658659e-01	   5.588489e-01
   8.708709e-01	   5.573378e-01
   8.758759e-01	   5.558364e-01
   8.808809e-01	   5.543444e-01
   8.858859e-01	   5.528617e-01
   8.908909e-01	   5.513883e-01
   8.958959e-01	   5.499241e-01
   9.009009e-01	   5.484689e-01
   9.059059e-01	   5.470227e-01
   9.109109e-01	   5.455854e-01
   9.159159e-01	   5.441568e-01
   9.209209e-01	   5.427369e-01
   9.259259e-01	   5.413256e-01
   9.309309e-01	   5.399227e-01
   9.359359e-01	   5.385283e-01
   9.409409e-01	   5.371422e-01
   9.459459e-01	   5.357642e-01
   9.509510e-01	   5.343945e-01
   9.559560e-01	   5.330327e-01
   9.609610e-01	   5.316789e-01
   9.659660e-01	   5.303331e-01
   9.709710e-01	   5.289950e-01
   9.759760e-01	   5.276646e-01
   9.809810e-01	   5.263419e-01
   9.859860e-01	   5.250267e-01
   9.909910e-01	   5.237191e-01
   9.959960e-01	   5.224188e-01
   1.001001e+00	   5.211259e-01
   1.006006e+00	   5.198403e-01
   1.011011e+00	   5.185619e-01
   1.016016e+00	   5.172906e-01
   1.021021e+00	   5.160264e-01
   1.026026e+00	   5.147691e-01
   1.031031e+00	   5.135188e-01
   1.036036e+00	   5.122753e-01
   1.041041e+00	   5.110386e-01
   1.046046e+00	   5.098087e-01
   1.051051e+00	   5.085854e-01
   1.056056e+00	   5.073687e-01
   1.061061e+00	   5.061586e-01
   1.066066e+00	   5.049549e-01
   1.071071e+00	   5.037576e-01
   1.076076e+00	   5.025667e-01
   1.081081e+00	   5.013821e-01
   1.086086e+00	   5.002038e-01
   1.091091e+00	   4.990316e-01
   1.096096e+00	   4.978655e-01
   1.101101e+00	   4.967056e-01
   1.106106e+00	   4.955516e-01
   1.111111e+00	   4.944036e-01
   1.116116e+00	   4.932615e-01
   1.121121e+00	   4.921253e-01
   1.126126e+00	   4.909949e-01
   1.131131e+00	   4.898702e-01
   1.136136e+00	   4.887512e-01
   1.141141e+00	   4.876379e-01
   1.146146e+00	   4.865302e-01
   1.151151e+00	   4.854280e-01
   1.156156e+00	   4.843314e-01
   1.161161e+00	   4.832402e-01
   1.166166e+00	   4.821545e-01
   1.171171e+00	   4.810741e-01
   1.176176e+00	   4.799990e-01
   1.181181e+00	   4.789292e-01
   1.186186e+00	   4.778646e-01
   1.191191e+00	   4.768052e-01
   1.196196e+00	   4.757510e-01
   1.201201e+00	   4.747019e-01
   1.206206e+00	   4.736578e-01
   1.211211e+00	   4.726188e-01
   1.216216e+00	   4.715847e-01
   1.221221e+00	   4.705555e-01
   1.226226e+00	   4.695313e-01
   1.231231e+00	   4.685119e-01
   1.236236e+00	   4.674974e-01
   1.241241e+00	   4.664876e-01
   1.246246e+00	   4.654825e-01
   1.251251e+00	   4.644822e-01
   1.256256e+00	   4.634865e-01
   1.261261e+00	   4.624955e-01
   1.266266e+00	   4.615090e-01
   1.271271e+00	   4.605271e-01
   1.276276e+00	   4.595497e-01
   1.281281e+00	   4.585768e-01
   1.286286e+00	   4.576084e-01
   1.291291e+00	   4.566444e-01
   1.296296e+00	   4.556847e-01
   1.301301e+00	   4.547294e-01
   1.306306e+00	   4.537784e-01
   1.311311e+00	   4.528317e-01
   1.316316e+00	   4.518892e-01
   1.321321e+00	   4.509510e-01
   1.326326e+00	   4.500169e-01
   1.331331e+00	   4.490870e-01
   1.336336e+00	   4.481612e-01
   1.341341e+00	   4.472395e-01
   1.346346e+00	   4.463219e-01
   1.351351e+00	   4.454083e-01
   1.356356e+00	   4.444987e-01
   1.361361e+00	   4.435931e-01
   1.366366e+00	   4.426914e-01
   1.371371e+00	   4.417936e-01
   1.376376e+00	   4.408997e-01
   1.381381e+00	   4.400097e-01
   1.386386e+00	   4.391235e-01
   1.391391e+00	   4.382410e-01
   1.396396e+00	   4.373624e-01
   1.401401e+00	   4.364875e-01
   1.406406e+00	   4.356163e-01
   1.411411e+00	   4.347489e-01
   1.416416e+00	   4.338850e-01
   1.421421e+00	   4.330249e-01
   1.426426e+00	   4.321683e-01
   1.431431e+00	   4.313154e-01
   1.436436e+00	   4.304660e-01
   1.441441e+00	   4.296201e-01
   1.446446e+00	   4.287777e-01
   1.451451e+00	   4.279389e-01
   1.456456e+00	   4.271035e-01
   1.461461e+00	   4.262715e-01
   1.466466e+00	   4.254430e-01
   1.471471e+00	   4.246179e-01
   1.476476e+00	   4.237961e-01
   1.481481e+00	   4.229777e-01
   1.486486e+00	   4.221626e-01
   1.491491e+00	   4.213508e-01
   1.496496e+00	   4.205423e-01
   1.501502e+00	   4.197371e-01
   1.506507e+00	   4.189351e-01
   1.511512e+00	   4.181363e-01
   1.516517e+00	   4.173407e-01
   1.521522e+00	   4.165483e-01
   1.526527e+00	   4.157590e-01
   1.531532e+00	   4.149729e-01
   1.536537e+00	   4.141899e-01
   1.541542e+00	   4.134100e-01
   1.546547e+00	   4.126331e-01
   1.551552e+00	   4.118593e-01
   1.556557e+00	   4.110885e-01
   1.561562e+00	   4.103208e-01
   1.566567e+00	   4.095560e-01
   1.571572e+00	   4.087942e-01
   1.576577e+00	   4.080354e-01
   1.581582e+00	   4.072794e-01
   1.586587e+00	   4.065265e-01
   1.591592e+00	   4.057764e-01
   1.596597e+00	   4.050291e-01
   1.601602e+00	   4.042848e-01
   1.606607e+00	   4.035433e-01
   1.611612e+00	   4.028046e-01
   1.616617e+00	   4.020687e-01
   1.621622e+00	   4.013356e-01
   1.626627e+00	   4.006053e-01
   1.631632e+00	   3.998778e-01
   1.636637e+00	   3.991529e-01
   1.641642e+00	   3.984308e-01
   1.646647e+00	   3.977114e-01
   1.651652e+00	   3.969947e-01
   1.656657e+00	   3.962807e-01
   1.661662e+00	   3.955693e-01
   1.666667e+00	   3.948606e-01
   1.671672e+00	   3.941545e-01
   1.676677e+00	   3.934510e-01
   1.681682e+00	   3.927500e-01
   1.686687e+00	   3.920517e-01
   1.691692e+00	   3.913559e-01
   1.696697e+00	   3.906627e-01
   1.701702e+00	   3.899720e-01
   1.706707e+00	   3.892838e-01
   1.711712e+00	   3.885981e-01
   1.716717e+00	   3.879149e-01
   1.721722e+00	   3.872341e-01
   1.726727e+00	   3.865559e-01
   1.731732e+00	   3.858800e-01
   1.736737e+00	   3.852066e-01
   1.741742e+00	   3.845356e-01
   1.746747e+00	   3.838670e-01
   1.751752e+00	   3.832008e-01
   1.756757e+00	   3.825370e-01
   1.761762e+00	   3.818755e-01
   1.766767e+00	   3.812163e-01
   1.771772e+00	   3.805595e-01
   1.776777e+00	   3.799050e-01
   1.781782e+00	   3.792528e-01
   1.786787e+00	   3.786029e-01
   1.791792e+00	   3.779553e-01
   1.796797e+00	   3.773099e-01
   1.801802e+00	   3.766668e-01
   1.806807e+00	   3.760260e-01
   1.811812e+00	   3.753873e-01
   1.816817e+00	   3.747509e-01
   1.821822e+00	   3.741167e-01
   1.826827e+00	   3.734846e-01
   1.831832e+00	   3.728548e-01
   1.836837e+00	   3.722271e-01
   1.841842e+00	   3.716015e-01
   1.846847e+00	   3.709781e-01
   1.851852e+00	   3.703569e-01
   1.856857e+00	   3.697377e-01
   1.861862e+00	   3.691207e-01
   1.866867e+00	   3.685057e-01
   1.871872e+00	   3.678928e-01
   1.876877e+00	   3.672820e-01
   1.881882e+00	   3.666733e-01
   1.886887e+00	   3.660666e-01
   1.891892e+00	   3.654620e-01
   1.896897e+00	   3.648593e-01
   1.901902e+00	   3.642587e-01
   1.906907e+00	   3.636601e-01
   1.911912e+00	   3.630635e-01
   1.916917e+00	   3.624689e-01
   1.921922e+00	   3.618762e-01
   1.926927e+00	   3.612855e-01
   1.931932e+00	   3.606968e-01
   1.936937e+00	   3.601100e-01
   1.941942e+00	   3.595251e-01
   1.946947e+00	   3.589422e-01
   1.951952e+00	   3.583611e-01
   1.956957e+00	   3.577820e-01
   1.961962e+00	   3.572048e-01
   1.966967e+00	   3.566294e-01
   1.971972e+00	   3.560559e-01
   1.976977e+00	   3.554843e-01
   1.981982e+00	   3.549145e-01
   1.986987e+00	   3.543466e-01
   1.991992e+00	   3.537805e-01
   1.996997e+00	   3.532162e-01
   2.002002e+00	   3.526537e-01
   2.007007e+00	   3.520931e-01
   2.012012e+00	   3.515342e-01
   2.017017e+00	   3.509771e-01
   2.022022e+00	   3.504218e-01
   2.027027e+00	   3.498683e-01
   2.032032e+00	   3.493165e-01
   2.037037e+00	   3.487665e-01
   2.042042e+00	   3.482182e-01
   2.047047e+00	   3.476717e-01
   2.052052e+00	   3.471269e-01
   2.057057e+00	   3.465838e-01
   2.062062e+00	   3.460424e-01
   2.067067e+00	   3.455027e-01
   2.072072e+00	   3.449646e-01
   2.077077e+00	   3.444283e-01
   2.082082e+00	   3.438937e-01
   2.087087e+00	   3.433607e-01
   2.092092e+00	   3.428293e-01
   2.097097e+00	   3.422996e-01
   2.102102e+00	   3.417716e-01
   2.107107e+00	   3.412452e-01
   2.112112e+00	   3.407204e-01
   2.117117e+00	   3.401972e-01
   2.122122e+00	   3.396756e-01
   2.127127e+00	   3.391557e-01
   2.132132e+00	   3.386373e-01
   2.137137e+00	   3.381205e-01
   2.142142e+00	   3.376053e-01
   2.147147e+00	   3.370916e-01
   2.152152e+00	   3.365796e-01
   2.157157e+00	   3.360690e-01
   2.162162e+00	   3.355601e-01
   2.167167e+00	   3.350526e-01
   2.172172e+00	   3.345467e-01
   2.177177e+00	   3.340423e-01
   2.182182e+00	   3.335395e-01
   2.187187e+00	   3.330381e-01
   2.192192e+00	   3.325383e-01
   2.197197e+00	   3.320399e-01
   2.202202e+00	   3.315430e-01
   2.207207e+00	   3.310477e-01
   2.212212e+00	   3.305537e-01
   2.217217e+00	   3.300613e-01
   2.222222e+00	   3.295703e-01
   2.227227e+00	   3.290808e-01
   2.232232e+00	   3.285927e-01
   2.237237e+00	   3.281061e-01
   2.242242e+00	   3.276209e-01
   2.247247e+00	   3.271371e-01
   2.252252e+00	   3.266548e-01
   2.257257e+00	   3.261738e-01
   2.262262e+00	   3.256943e-01
   2.267267e+00	   3.252162e-01
   2.272272e+00	   3.247394e-01
   2.277277e+00	   3.242641e-01
   2.282282e+00	   3.237901e-01
   2.287287e+00	   3.233176e-01
   2.292292e+00	   3.228463e-01
   2.297297e+00	   3.223765e-01
   2.302302e+00	   3.219080e-01
   2.307307e+00	   3.214408e-01
   2.312312e+00	   3.209750e-01
   2.317317e+00	   3.205106e-01
   2.322322e+00	   3.200475e-01
   2.327327e+00	   3.195857e-01
   2.332332e+00	   3.191252e-01
   2.337337e+00	   3.186660e-01
   2.342342e+00	   3.182082e-01
   2.347347e+00	   3.177516e-01
   2.352352e+00	   3.172964e-01
   2.357357e+00	   3.168424e-01
   2.362362e+00	   3.163897e-01
   2.367367e+00	   3.159383e-01
   2.372372e+00	   3.154882e-01
   2.377377e+00	   3.150393e-01
   2.382382e+00	   3.145918e-01
   2.387387e+00	   3.141454e-01
   2.392392e+00	   3.137003e-01
   2.397397e+00	   3.132565e-01
   2.402402e+00	   3.128139e-01
   2.407407e+00	   3.123726e-01
   2.412412e+00	   3.119324e-01
   2.417417e+00	   3.114935e-01
   2.422422e+00	   3.110559e-01
   2.427427e+00	   3.106194e-01
   2.432432e+00	   3.101841e-01
   2.437437e+00	   3.097501e-01
   2.442442e+00	   3.093172e-01
   2.447447e+00	   3.088856e-01
   2.452452e+00	   3.084551e-01
   2.457457e+00	   3.080258e-01
   2.462462e+00	   3.075977e-01
   2.467467e+00	   3.071708e-01
   2.472472e+00	   3.067450e-01
   2.477477e+00	   3.063204e-01
   2.482482e+00	   3.058970e-01
   2.487487e+00	   3.054747e-01
   2.492492e+00	   3.050535e-01
   2.497497e+00	   3.046336e-01
   2.502503e+00	   3.042147e-01
   2.507508e+00	   3.037970e-01
   2.512513e+00	   3.033804e-01
   2.517518e+00	   3.029649e-01
   2.522523e+00	   3.025506e-01
   2.527528e+00	   3.021373e-01
   2.532533e+00	   3.017252e-01
   2.537538e+00	   3.013142e-01
   2.542543e+00	   3.009043e-01
   2.547548e+00	   3.004955e-01
   2.552553e+00	   3.000877e-01
   2.557558e+00	   2.996811e-01
   2.562563e+00	   2.992755e-01
   2.567568e+00	   2.988711e-01
   2.572573e+00	   2.984677e-01
   2.577578e+00	   2.980653e-01
   2.582583e+00	   2.976641e-01
   2.587588e+00	   2.972638e-01
   2.592593e+00	   2.968647e-01
   2.597598e+00	   2.964666e-01
   2.602603e+00	   2.960696e-01
   2.607608e+00	   2.956736e-01
   2.612613e+00	   2.952786e-01
   2.617618e+00	   2.948847e-01
   2.622623e+00	   2.944918e-01
   2.627628e+00	   2.940999e-01
   2.632633e+00	   2.937090e-01
   2.637638e+00	   2.933192e-01
   2.642643e+00	   2.929304e-01
   2.647648e+00	   2.925426e-01
   2.652653e+00	   2.921558e-01
   2.657658e+00	   2.917700e-01
   2.662663e+00	   2.913852e-01
   2.667668e+00	   2.910014e-01
   2.672673e+00	   2.906186e-01
   2.677678e+00	   2.902368e-01
   2.682683e+00	   2.898559e-01
   2.687688e+00	   2.894761e-01
   2.692693e+00	   2.890972e-01
   2.697698e+00	   2.887193e-01
   2.702703e+00	   2.883423e-01
   2.707708e+00	   2.879664e-01
   2.712713e+00	   2.875913e-01
   2.717718e+00	   2.872173e-01
   2.722723e+00	   2.868441e-01
   2.727728e+00	   2.864720e-01
   2.732733e+00	   2.861007e-01
   2.737738e+00	   2.857305e-01
   2.742743e+00	   2.853611e-01
   2.747748e+00	   2.849927e-01
   2.752753e+00	   2.846252e-01
   2.757758e+00	   2.842587e-01
   2.762763e+00	   2.838930e-01
   2.767768e+00	   2.835283e-01
   2.772773e+00	   2.831645e-01
   2.777778e+00	   2.828016e-01
   2.782783e+00	   2.824397e-01
   2.787788e+00	   2.820786e-01
   2.792793e+00	   2.817184e-01
   2.797798e+00	   2.813592e-01
   2.802803e+00	   2.810008e-01
   2.807808e+00	   2.806433e-01
   2.812813e+00	   2.802867e-01
   2.817818e+00	   2.799310e-01
   2.822823e+00	   2.795762e-01
   2.827828e+00	   2.792222e-01
   2.832833e+00	   2.788691e-01
   2.837838e+00	   2.785169e-01
   2.842843e+00	   2.781656e-01
   2.847848e+00	   2.778151e-01
   2.852853e+00	   2.774655e-01
   2.857858e+00	   2.771167e-01
   2.862863e+00	   2.767688e-01
   2.867868e+00	   2.764218e-01
   2.872873e+00	   2.760756e-01
   2.877878e+00	   2.757302e-01
   2.882883e+00	   2.753857e-01
   2.887888e+00	   2.750421e-01
   2.892893e+00	   2.746992e-01
   2.897898e+00	   2.743572e-01
   2.902903e+00	   2.740160e-01
   2.907908e+00	   2.736757e-01
   2.912913e+00	   2.733362e-01
   2.917918e+00	   2.729975e-01
   2.922923e+00	   2.726596e-01
   2.927928e+00	   2.723225e-01
   2.932933e+00	   2.719863e-01
   2.937938e+00	   2.716508e-01
   2.942943e+00	   2.713162e-01
   2.947948e+00	   2.709823e-01
   2.952953e+00	   2.706493e-01
   2.957958e+00	   2.703170e-01
   2.962963e+00	   2.699856e-01
   2.967968e+00	   2.696549e-01
   2.972973e+00	   2.693250e-01
   2.977978e+00	   2.689959e-01
   2.982983e+00	   2.686676e-01
   2.987988e+00	   2.683401e-01
   2.992993e+00	   2.680134e-01
   2.997998e+00	   2.676874e-01
   3.003003e+00	   2.673622e-01
   3.008008e+00	   2.670377e-01
   3.013013e+00	   2.667141e-01
   3.018018e+00	   2.663912e-01
   3.023023e+00	   2.660690e-01
   3.028028e+00	   2.657476e-01
   3.033033e+00	   2.654270e-01
   3.038038e+00	   2.651071e-01
   3.043043e+00	   2.647880e-01
   3.048048e+00	   2.644696e-01
   3.053053e+00	   2.641519e-01
   3.058058e+00	   2.638350e-01
   3.063063e+00	   2.635189e-01
   3.068068e+00	   2.632034e-01
   3.073073e+00	   2.628887e-01
   3.078078e+00	   2.625748e-01
   3.083083e+00	   2.622615e-01
   3.088088e+00	   2.619490e-01
   3.093093e+00	   2.616372e-01
   3.098098e+00	   2.613262e-01
   3.103103e+00	   2.610158e-01
   3.108108e+00	   2.607062e-01
   3.113113e+00	   2.603973e-01
   3.118118e+00	   2.600891e-01
   3.123123e+00	   2.597816e-01
   3.128128e+00	   2.594748e-01
   3.133133e+00	   2.591687e-01
   3.138138e+00	   2.588633e-01
   3.143143e+00	   2.585586e-01
   3.148148e+00	   2.582546e-01
   3.153153e+00	   2.579513e-01
   3.158158e+00	   2.576487e-01
   3.163163e+00	   2.573467e-01
   3.168168e+00	   2.570455e-01
   3.173173e+00	   2.567449e-01
   3.178178e+00	   2.564451e-01
   3.183183e+00	   2.561459e-01
   3.188188e+00	   2.558473e-01
   3.193193e+00	   2.555495e-01
   3.198198e+00	   2.552523e-01
   3.203203e+00	   2.549558e-01
   3.208208e+00	   2.546600e-01
   3.213213e+00	   2.543648e-01
   3.218218e+00	   2.540703e-01
   3.223223e+00	   2.537765e-01
   3.228228e+00	   2.534833e-01
   3.233233e+00	   2.531907e-01
   3.238238e+00	   2.528989e-01
   3.243243e+00	   2.526076e-01
   3.248248e+00	   2.523171e-01
   3.253253e+00	   2.520271e-01
   3.258258e+00	   2.517378e-01
   3.263263e+00	   2.514492e-01
   3.268268e+00	   2.511612e-01
   3.273273e+00	   2.508738e-01
   3.278278e+00	   2.505871e-01
   3.283283e+00	   2.503010e-01
   3.288288e+00	   2.500156e-01
   3.293293e+00	   2.497308e-01
   3.298298e+00	   2.494466e-01
   3.303303e+00	   2.491630e-01
   3.308308e+00	   2.488800e-01
   3.313313e+00	   2.485977e-01
   3.318318e+00	   2.483160e-01
   3.323323e+00	   2.480349e-01
   3.328328e+00	   2.477544e-01
   3.333333e+00	   2.474746e-01
   3.338338e+00	   2.471953e-01
   3.343343e+00	   2.469167e-01
   3.348348e+00	   2.466387e-01
   3.353353e+00	   2.463612e-01
   3.358358e+00	   2.460844e-01
   3.363363e+00	   2.458082e-01
   3.368368e+00	   2.455326e-01
   3.373373e+00	   2.452576e-01
   3.378378e+00	   2.449831e-01
   3.383383e+00	   2.447093e-01
   3.388388e+00	   2.444361e-01
   3.393393e+00	   2.441634e-01
   3.398398e+00	   2.438913e-01
   3.403403e+00	   2.436199e-01
   3.408408e+00	   2.433490e-01
   3.413413e+00	   2.430787e-01
   3.418418e+00	   2.428089e-01
   3.423423e+00	   2.425398e-01
   3.428428e+00	   2.422712e-01
   3.433433e+00	   2.420032e-01
   3.438438e+00	   2.417358e-01
   3.443443e+00	   2.414689e-01
   3.448448e+00	   2.412026e-01
   3.453453e+00	   2.409369e-01
   3.458458e+00	   2.406718e-01
   3.463463e+00	   2.404072e-01
   3.468468e+00	   2.401432e-01
   3.473473e+00	   2.398797e-01
   3.478478e+00	   2.396168e-01
   3.483483e+00	   2.393544e-01
   3.488488e+00	   2.390926e-01
   3.493493e+00	   2.388314e-01
   3.498498e+00	   2.385707e-01
   3.503504e+00	   2.383106e-01
   3.508509e+00	   2.380510e-01
   3.513514e+00	   2.377919e-01
   3.518519e+00	   2.375334e-01
   3.523524e+00	   2.372755e-01
   3.528529e+00	   2.370180e-01
   3.533534e+00	   2.367611e-01
   3.538539e+00	   2.365048e-01
   3.543544e+00	   2.362490e-01
   3.548549e+00	   2.359937e-01
   3.553554e+00	   2.357390e-01
   3.558559e+00	   2.354848e-01
   3.563564e+00	   2.352311e-01
   3.568569e+00	   2.349779e-01
   3.573574e+00	   2.347253e-01
   3.578579e+00	   2.344732e-01
   3.583584e+00	   2.342216e-01
   3.588589e+00	   2.339706e-01
   3.593594e+00	   2.337200e-01
   3.598599e+00	   2.334700e-01
   3.603604e+00	   2.332205e-01
   3.608609e+00	   2.329715e-01
   3.613614e+00	   2.327230e-01
   3.618619e+00	   2.324751e-01
   3.623624e+00	   2.322276e-01
   3.628629e+00	   2.319806e-01
   3.633634e+00	   2.317342e-01
   3.638639e+00	   2.314883e-01
   3.643644e+00	   2.312428e-01
   3.648649e+00	   2.309979e-01
   3.653654e+00	   2.307535e-01
   3.658659e+00	   2.305095e-01
   3.663664e+00	   2.302661e-01
   3.668669e+00	   2.300231e-01
   3.673674e+00	   2.297807e-01
   3.678679e+00	   2.295387e-01
   3.683684e+00	   2.292973e-01
   3.688689e+00	   2.290563e-01
   3.693694e+00	   2.288158e-01
   3.698699e+00	   2.285758e-01
   3.703704e+00	   2.283363e-01
   3.708709e+00	   2.280973e-01
   3.713714e+00	   2.278587e-01
   3.718719e+00	   2.276207e-01
   3.723724e+00	   2.273831e-01
   3.728729e+00	   2.271460e-01
   3.733734e+00	   2.269094e-01
   3.738739e+00	   2.266732e-01
   3.743744e+00	   2.264375e-01
   3.748749e+00	   2.262023e-01
   3.753754e+00	   2.259676e-01
   3.758759e+00	   2.257333e-01
   3.763764e+00	   2.254995e-01
   3.768769e+00	   2.252662e-01
   3.773774e+00	   2.250333e-01
   3.778779e+00	   2.248009e-01
   3.783784e+00	   2.245690e-01
   3.788789e+00	   2.243375e-01
   3.793794e+00	   2.241065e-01
   3.798799e+00	   2.238759e-01
   3.803804e+00	   2.236458e-01
   3.808809e+00	   2.234161e-01
   3.813814e+00	   2.231869e-01
   3.818819e+00	   2.229582e-01
   3.823824e+00	   2.227299e-01
   3.828829e+00	   2.225021e-01
   3.833834e+00	   2.222747e-01
   3.838839e+00	   2.220477e-01
   3.843844e+00	   2.218212e-01
   3.848849e+00	   2.215952e-01
   3.853854e+00	   2.213696e-01
   3.858859e+00	   2.211444e-01
   3.863864e+00	   2.209197e-01
   3.868869e+00	   2.206954e-01
   3.873874e+00	   2.204716e-01
   3.878879e+00	   2.202481e-01
   3.883884e+00	   2.200252e-01
   3.888889e+00	   2.198026e-01
   3.893894e+00	   2.195805e-01
   3.898899e+00	   2.193589e-01
   3.903904e+00	   2.191376e-01
   3.908909e+00	   2.189168e-01
   3.913914e+00	   2.186964e-01
   3.918919e+00	   2.184765e-01
   3.923924e+00	   2.182569e-01
   3.928929e+00	   2.180378e-01
   3.933934e+00	   2.178191e-01
   3.938939e+00	   2.176009e-01
   3.943944e+00	   2.173830e-01
   3.948949e+00	   2.171656e-01
   3.953954e+00	   2.169486e-01
   3.958959e+00	   2.167320e-01
   3.963964e+00	   2.165159e-01
   3.968969e+00	   2.163001e-01
   3.973974e+00	   2.160848e-01
   3.978979e+00	   2.158699e-01
   3.983984e+00	   2.156554e-01
   3.988989e+00	   2.154412e-01
   3.993994e+00	   2.152276e-01
   3.998999e+00	   2.150143e-01
   4.004004e+00	   2.148014e-01
   4.009009e+00	   2.145889e-01
   4.014014e+00	   2.143768e-01
   4.019019e+00	   2.141652e-01
   4.024024e+00	   2.139539e-01
   4.029029e+00	   2.137431e-01
   4.034034e+00	   2.135326e-01
   4.039039e+00	   2.133225e-01
   4.044044e+00	   2.131129e-01
   4.049049e+00	   2.129036e-01
   4.054054e+00	   2.126947e-01
   4.059059e+00	   2.124862e-01
   4.064064e+00	   2.122782e-01
   4.069069e+00	   2.120705e-01
   4.074074e+00	   2.118632e-01
   4.079079e+00	   2.116563e-01
   4.084084e+00	   2.114497e-01
   4.089089e+00	   2.112436e-01
   4.094094e+00	   2.110378e-01
   4.099099e+00	   2.108325e-01
   4.104104e+00	   2.106275e-01
   4.109109e+00	   2.104229e-01
   4.114114e+00	   2.102187e-01
   4.119119e+00	   2.100149e-01
   4.124124e+00	   2.098114e-01
   4.129129e+00	   2.096083e-01
   4.134134e+00	   2.094056e-01
   4.139139e+00	   2.092033e-01
   4.144144e+00	   2.090014e-01
   4.149149e+00	   2.087998e-01
   4.154154e+00	   2.085986e-01
   4.159159e+00	   2.083978e-01
   4.164164e+00	   2.081974e-01
   4.169169e+00	   2.079973e-01
   4.174174e+00	   2.077976e-01
   4.179179e+00	   2.075982e-01
   4.184184e+00	   2.073993e-01
   4.189189e+00	   2.072007e-01
   4.194194e+00	   2.070024e-01
   4.199199e+00	   2.068046e-01
   4.204204e+00	   2.066070e-01
   4.209209e+00	   2.064099e-01
   4.214214e+00	   2.062131e-01
   4.219219e+00	   2.060167e-01
   4.224224e+00	   2.058206e-01
   4.229229e+00	   2.056249e-01
   4.234234e+00	   2.054296e-01
   4.239239e+00	   2.052346e-01
   4.244244e+00	   2.050400e-01
   4.249249e+00	   2.048457e-01
   4.254254e+00	   2.046518e-01
   4.259259e+00	   2.044582e-01
   4.264264e+00	   2.042650e-01
   4.269269e+00	   2.040721e-01
   4.274274e+00	   2.038796e-01
   4.279279e+00	   2.036874e-01
   4.284284e+00	   2.034956e-01
   4.289289e+00	   2.033041e-01
   4.294294e+00	   2.031130e-01
   4.299299e+00	   2.029222e-01
   4.304304e+00	   2.027318e-01
   4.309309e+00	   2.025417e-01
   4.314314e+00	   2.023519e-01
   4.319319e+00	   2.021625e-01
   4.324324e+00	   2.019735e-01
   4.329329e+00	   2.017847e-01
   4.334334e+00	   2.015963e-01
   4.339339e+00	   2.014083e-01
   4.344344e+00	   2.012206e-01
   4.349349e+00	   2.010332e-01
   4.354354e+00	   2.008462e-01
   4.359359e+00	   2.006595e-01
   4.364364e+00	   2.004731e-01
   4.369369e+00	   2.002870e-01
   4.374374e+00	   2.001013e-01
   4.379379e+00	   1.999160e-01
   4.384384e+00	   1.997309e-01
   4.389389e+00	   1.995462e-01
   4.394394e+00	   1.993618e-01
   4.399399e+00	   1.991778e-01
   4.404404e+00	   1.989940e-01
   4.409409e+00	   1.988106e-01
   4.414414e+00	   1.986275e-01
   4.419419e+00	   1.984448e-01
   4.424424e+00	   1.982623e-01
   4.429429e+00	   1.980802e-01
   4.434434e+00	   1.978984e-01
   4.439439e+00	   1.977170e-01
   4.444444e+00	   1.975358e-01
   4.449449e+00	   1.973550e-01
   4.454454e+00	   1.971745e-01
   4.459459e+00	   1.969943e-01
   4.464464e+00	   1.968144e-01
   4.469469e+00	   1.966348e-01
   4.474474e+00	   1.964556e-01
   4.479479e+00	   1.962766e-01
   4.484484e+00	   1.960980e-01
   4.489489e+00	   1.959197e-01
   4.494494e+00	   1.957417e-01
   4.499499e+00	   1.955640e-01
   4.504505e+00	   1.953867e-01
   4.509510e+00	   1.952096e-01
   4.514515e+00	   1.950328e-01
   4.519520e+00	   1.948564e-01
   4.524525e+00	   1.946802e-01
   4.529530e+00	   1.945044e-01
   4.534535e+00	   1.943289e-01
   4.539540e+00	   1.941536e-01
   4.544545e+00	   1.939787e-01
   4.549550e+00	   1.938041e-01
   4.554555e+00	   1.936298e-01
   4.559560e+00	   1.934558e-01
   4.564565e+00	   1.932820e-01
   4.569570e+00	   1.931086e-01
   4.574575e+00	   1.929355e-01
   4.579580e+00	   1.927627e-01
   4.584585e+00	   1.925902e-01
   4.589590e+00	   1.924179e-01
   4.594595e+00	   1.922460e-01
   4.599600e+00	   1.920744e-01
   4.604605e+00	   1.919030e-01
   4.609610e+00	   1.917320e-01
   4.614615e+00	   1.915613e-01
   4.619620e+00	   1.913908e-01
   4.624625e+00	   1.912206e-01
   4.629630e+00	   1.910507e-01
   4.634635e+00	   1.908812e-01
   4.639640e+00	   1.907119e-01
   4.644645e+00	   1.905429e-01
   4.649650e+00	   1.903741e-01
   4.654655e+00	   1.902057e-01
   4.659660e+00	   1.900375e-01
   4.664665e+00	   1.898697e-01
   4.669670e+00	   1.897021e-01
   4.674675e+00	   1.895348e-01
   4.679680e+00	   1.893678e-01
   4.684685e+00	   1.892011e-01
   4.689690e+00	   1.890346e-01
   4.694695e+00	   1.888685e-01
   4.699700e+00	   1.887026e-01
   4.704705e+00	   1.885370e-01
   4.709710e+00	   1.883717e-01
   4.714715e+00	   1.882066e-01
   4.719720e+00	   1.880419e-01
   4.724725e+00	   1.878774e-01
   4.729730e+00	   1.877132e-01
   4.734735e+00	   1.875492e-01
   4.739740e+00	   1.873856e-01
   4.744745e+00	   1.872222e-01
   4.749750e+00	   1.870591e-01
   4.754755e+00	   1.868962e-01
   4.759760e+00	   1.867337e-01
   4.764765e+00	   1.865714e-01
   4.769770e+00	   1.864093e-01
   4.774775e+00	   1.862476e-01
   4.779780e+00	   1.860861e-01
   4.784785e+00	   1.859249e-01
   4.789790e+00	   1.857640e-01
   4.794795e+00	   1.856033e-01
   4.799800e+00	   1.854429e-01
   4.804805e+00	   1.852827e-01
   4.809810e+00	   1.851228e-01
   4.814815e+00	   1.849632e-01
   4.819820e+00	   1.848039e-01
   4.824825e+00	   1.846448e-01
   4.829830e+00	   1.844860e-01
   4.834835e+00	   1.843274e-01
   4.839840e+00	   1.841691e-01
   4.844845e+00	   1.840111e-01
   4.849850e+00	   1.838533e-01
   4.854855e+00	   1.836958e-01
   4.859860e+00	   1.835385e-01
   4.864865e+00	   1.833815e-01
   4.869870e+00	   1.832248e-01
   4.874875e+00	   1.830683e-01
   4.879880e+00	   1.829121e-01
   4.884885e+00	   1.827561e-01
   4.889890e+00	   1.826004e-01
   4.894895e+00	   1.824450e-01
   4.899900e+00	   1.822898e-01
   4.904905e+00	   1.821348e-01
   4.909910e+00	   1.819801e-01
   4.914915e+00	   1.818257e-01
   4.919920e+00	   1.816715e-01
   4.924925e+00	   1.815175e-01
   4.929930e+00	   1.813639e-01
   4.934935e+00	   1.812104e-01
   4.939940e+00	   1.810572e-01
   4.944945e+00	   1.809043e-01
   4.949950e+00	   1.807516e-01
   4.954955e+00	   1.805992e-01
   4.959960e+00	   1.804470e-01
   4.964965e+00	   1.802950e-01
   4.969970e+00	   1.801433e-01
   4.974975e+00	   1.799918e-01
   4.979980e+00	   1.798406e-01
   4.984985e+00	   1.796897e-01
   4.989990e+00	   1.795389e-01
   4.994995e+00	   1.793885e-01
   5.000000e+00	   1.792382e-01
