   0.000000e+00	           -nan
   5.005005e-03	           -nan
   1.001001e-02	   1.237907e+02
   1.501502e-02	   7.806585e+01
   2.002002e-02	   5.749687e+01
   2.502503e-02	   4.560478e+01
   3.003003e-02	   3.781338e+01
   3.503504e-02	   3.230027e+01
   4.004004e-02	   2.818829e+01
   4.504505e-02	   2.500099e+01
   5.005005e-02	   2.245662e+01
   5.505506e-02	   2.037765e+01
   6.006006e-02	   1.864656e+01
   6.506507e-02	   1.718241e+01
   7.007007e-02	   1.592762e+01
   7.507508e-02	   1.484009e+01
   8.008008e-02	   1.388833e+01
   8.508509e-02	   1.304829e+01
   9.009009e-02	   1.230130e+01
   9.509510e-02	   1.163264e+01
   1.001001e-01	   1.103054e+01
   1.051051e-01	   1.048549e+01
   1.101101e-01	   9.989708e+00
   1.151151e-01	   9.536769e+00
   1.201201e-01	   9.121322e+00
   1.251251e-01	   8.738873e+00
   1.301301e-01	   8.385621e+00
   1.351351e-01	   8.058329e+00
   1.401401e-01	   7.754223e+00
   1.451451e-01	   7.470911e+00
   1.501502e-01	   7.206320e+00
   1.551552e-01	   6.958646e+00
   1.601602e-01	   6.726309e+00
   1.651652e-01	   6.507921e+00
   1.701702e-01	   6.302258e+00
   1.751752e-01	   6.108234e+00
   1.801802e-01	   5.924884e+00
   1.851852e-01	   5.751349e+00
   1.901902e-01	   5.586858e+00
   1.951952e-01	   5.430720e+00
   2.002002e-01	   5.282313e+00
   2.052052e-01	   5.141076e+00
   2.102102e-01	   5.006499e+00
   2.152152e-01	   4.878123e+00
   2.202202e-01	   4.755528e+00
   2.252252e-01	   4.638331e+00
   2.302302e-01	   4.526184e+00
   2.352352e-01	   4.418767e+00
   2.402402e-01	   4.315788e+00
   2.452452e-01	   4.216977e+00
   2.502503e-01	   4.122086e+00
   2.552553e-01	   4.030889e+00
   2.602603e-01	   3.943172e+00
   2.652653e-01	   3.858743e+00
   2.702703e-01	   3.777420e+00
   2.752753e-01	   3.699035e+00
   2.802803e-01	   3.623433e+00
   2.852853e-01	   3.550469e+00
   2.902903e-01	   3.480009e+00
   2.952953e-01	   3.411926e+00
   3.003003e-01	   3.346103e+00
   3.053053e-01	   3.282431e+00
   3.103103e-01	   3.220806e+00
   3.153153e-01	   3.161133e+00
   3.203203e-01	   3.103321e+00
   3.253253e-01	   3.047285e+00
   3.303303e-01	   2.992946e+00
   3.353353e-01	   2.940228e+00
   3.403403e-01	   2.889062e+00
   3.453453e-01	   2.839380e+00
   3.503504e-01	   2.791121e+00
   3.553554e-01	   2.744224e+00
   3.603604e-01	   2.698633e+00
   3.653654e-01	   2.654297e+00
   3.703704e-01	   2.611164e+00
   3.753754e-01	   2.569187e+00
   3.803804e-01	   2.528321e+00
   3.853854e-01	   2.488524e+00
   3.903904e-01	   2.449755e+00
   3.953954e-01	   2.411976e+00
   4.004004e-01	   2.375149e+00
   4.054054e-01	   2.339241e+00
   4.104104e-01	   2.304218e+00
   4.154154e-01	   2.270049e+00
   4.204204e-01	   2.236703e+00
   4.254254e-01	   2.204152e+00
   4.304304e-01	   2.172368e+00
   4.354354e-01	   2.141326e+00
   4.404404e-01	   2.111001e+00
   4.454454e-01	   2.081368e+00
   4.504505e-01	   2.052406e+00
   4.554555e-01	   2.024092e+00
   4.604605e-01	   1.996405e+00
   4.654655e-01	   1.969326e+00
   4.704705e-01	   1.942835e+00
   4.754755e-01	   1.916914e+00
   4.804805e-01	   1.891546e+00
   4.854855e-01	   1.866713e+00
   4.904905e-01	   1.842400e+00
   4.954955e-01	   1.818590e+00
   5.005005e-01	   1.795270e+00
   5.055055e-01	   1.772425e+00
   5.105105e-01	   1.750040e+00
   5.155155e-01	   1.728103e+00
   5.205205e-01	   1.706601e+00
   5.255255e-01	   1.685521e+00
   5.305305e-01	   1.664853e+00
   5.355355e-01	   1.644584e+00
   5.405405e-01	   1.624703e+00
   5.455455e-01	   1.605201e+00
   5.505506e-01	   1.586066e+00
   5.555556e-01	   1.567289e+00
   5.605606e-01	   1.548860e+00
   5.655656e-01	   1.530771e+00
   5.705706e-01	   1.513012e+00
   5.755756e-01	   1.495575e+00
   5.805806e-01	   1.478452e+00
   5.855856e-01	   1.461635e+00
   5.905906e-01	   1.445115e+00
   5.955956e-01	   1.428887e+00
   6.006006e-01	   1.412941e+00
   6.056056e-01	   1.397272e+00
   6.106106e-01	   1.381873e+00
   6.156156e-01	   1.366737e+00
   6.206206e-01	   1.351858e+00
   6.256256e-01	   1.337229e+00
   6.306306e-01	   1.322846e+00
   6.356356e-01	   1.308701e+00
   6.406406e-01	   1.294790e+00
   6.456456e-01	   1.281107e+00
   6.506507e-01	   1.267647e+00
   6.556557e-01	   1.254405e+00
   6.606607e-01	   1.241375e+00
   6.656657e-01	   1.228554e+00
   6.706707e-01	   1.215936e+00
   6.756757e-01	   1.203517e+00
   6.806807e-01	   1.191293e+00
   6.856857e-01	   1.179259e+00
   6.906907e-01	   1.167411e+00
   6.956957e-01	   1.155746e+00
   7.007007e-01	   1.144259e+00
   7.057057e-01	   1.132946e+00
   7.107107e-01	   1.121804e+00
   7.157157e-01	   1.110830e+00
   7.207207e-01	   1.100019e+00
   7.257257e-01	   1.089368e+00
   7.307307e-01	   1.078875e+00
   7.357357e-01	   1.068536e+00
   7.407407e-01	   1.058347e+00
   7.457457e-01	   1.048306e+00
   7.507508e-01	   1.038410e+00
   7.557558e-01	   1.028656e+00
   7.607608e-01	   1.019041e+00
   7.657658e-01	   1.009562e+00
   7.707708e-01	   1.000216e+00
   7.757758e-01	   9.910023e-01
   7.807808e-01	   9.819167e-01
   7.857858e-01	   9.729572e-01
   7.907908e-01	   9.641213e-01
   7.957958e-01	   9.554068e-01
   8.008008e-01	   9.468113e-01
   8.058058e-01	   9.383326e-01
   8.108108e-01	   9.299685e-01
   8.158158e-01	   9.217168e-01
   8.208208e-01	   9.135756e-01
   8.258258e-01	   9.055428e-01
   8.308308e-01	   8.976163e-01
   8.358358e-01	   8.897944e-01
   8.408408e-01	   8.820750e-01
   8.458458e-01	   8.744564e-01
   8.508509e-01	   8.669367e-01
   8.558559e-01	   8.595143e-01
   8.608609e-01	   8.521872e-01
   8.658659e-01	   8.449540e-01
   8.708709e-01	   8.378130e-01
   8.758759e-01	   8.307625e-01
   8.808809e-01	   8.238010e-01
   8.858859e-01	   8.169269e-01
   8.908909e-01	   8.101388e-01
   8.958959e-01	   8.034352e-01
   9.009009e-01	   7.968146e-01
   9.059059e-01	   7.902758e-01
   9.109109e-01	   7.838172e-01
   9.159159e-01	   7.774375e-01
   9.209209e-01	   7.711355e-01
   9.259259e-01	   7.649098e-01
   9.309309e-01	   7.587592e-01
   9.359359e-01	   7.526825e-01
   9.409409e-01	   7.466785e-01
   9.459459e-01	   7.407459e-01
   9.509510e-01	   7.348837e-01
   9.559560e-01	   7.290907e-01
   9.609610e-01	   7.233657e-01
   9.659660e-01	   7.177078e-01
   9.709710e-01	   7.121158e-01
   9.759760e-01	   7.065887e-01
   9.809810e-01	   7.011254e-01
   9.859860e-01	   6.957251e-01
   9.909910e-01	   6.903867e-01
   9.959960e-01	   6.851092e-01
   1.001001e+00	   6.798917e-01
   1.006006e+00	   6.747333e-01
   1.011011e+00	   6.696331e-01
   1.016016e+00	   6.645902e-01
   1.021021e+00	   6.596037e-01
   1.026026e+00	   6.546728e-01
   1.031031e+00	   6.497966e-01
   1.036036e+00	   6.449744e-01
   1.041041e+00	   6.402052e-01
   1.046046e+00	   6.354884e-01
   1.051051e+00	   6.308231e-01
   1.056056e+00	   6.262087e-01
   1.061061e+00	   6.216443e-01
   1.066066e+00	   6.171292e-01
   1.071071e+00	   6.126627e-01
   1.076076e+00	   6.082441e-01
   1.081081e+00	   6.038727e-01
   1.086086e+00	   5.995479e-01
   1.091091e+00	   5.952689e-01
   1.096096e+00	   5.910351e-01
   1.101101e+00	   5.868459e-01
   1.106106e+00	   5.827006e-01
   1.111111e+00	   5.785987e-01
   1.116116e+00	   5.745395e-01
   1.121121e+00	   5.705224e-01
   1.126126e+00	   5.665468e-01
   1.131131e+00	   5.626122e-01
   1.136136e+00	   5.587180e-01
   1.141141e+00	   5.548636e-01
   1.146146e+00	   5.510485e-01
   1.151151e+00	   5.472721e-01
   1.156156e+00	   5.435340e-01
   1.161161e+00	   5.398336e-01
   1.166166e+00	   5.361704e-01
   1.171171e+00	   5.325439e-01
   1.176176e+00	   5.289536e-01
   1.181181e+00	   5.253990e-01
   1.186186e+00	   5.218796e-01
   1.191191e+00	   5.183951e-01
   1.196196e+00	   5.149449e-01
   1.201201e+00	   5.115285e-01
   1.206206e+00	   5.081456e-01
   1.211211e+00	   5.047956e-01
   1.216216e+00	   5.014782e-01
   1.221221e+00	   4.981930e-01
   1.226226e+00	   4.949395e-01
   1.231231e+00	   4.917173e-01
   1.236236e+00	   4.885259e-01
   1.241241e+00	   4.853651e-01
   1.246246e+00	   4.822345e-01
   1.251251e+00	   4.791335e-01
   1.256256e+00	   4.760620e-01
   1.261261e+00	   4.730194e-01
   1.266266e+00	   4.700055e-01
   1.271271e+00	   4.670199e-01
   1.276276e+00	   4.640621e-01
   1.281281e+00	   4.611320e-01
   1.286286e+00	   4.582291e-01
   1.291291e+00	   4.553530e-01
   1.296296e+00	   4.525036e-01
   1.301301e+00	   4.496803e-01
   1.306306e+00	   4.468830e-01
   1.311311e+00	   4.441113e-01
   1.316316e+00	   4.413648e-01
   1.321321e+00	   4.386434e-01
   1.326326e+00	   4.359464e-01
   1.331331e+00	   4.332740e-01
   1.336336e+00	   4.306259e-01
   1.341341e+00	   4.280014e-01
   1.346346e+00	   4.254004e-01
   1.351351e+00	   4.228226e-01
   1.356356e+00	   4.202678e-01
   1.361361e+00	   4.177356e-01
   1.366366e+00	   4.152259e-01
   1.371371e+00	   4.127384e-01
   1.376376e+00	   4.102727e-01
   1.381381e+00	   4.078287e-01
   1.386386e+00	   4.054061e-01
   1.391391e+00	   4.030046e-01
   1.396396e+00	   4.006241e-01
   1.401401e+00	   3.982641e-01
   1.406406e+00	   3.959246e-01
   1.411411e+00	   3.936053e-01
   1.416416e+00	   3.913059e-01
   1.421421e+00	   3.890263e-01
   1.426426e+00	   3.867661e-01
   1.431431e+00	   3.845252e-01
   1.436436e+00	   3.823034e-01
   1.441441e+00	   3.801005e-01
   1.446446e+00	   3.779161e-01
   1.451451e+00	   3.757502e-01
   1.456456e+00	   3.736026e-01
   1.461461e+00	   3.714729e-01
   1.466466e+00	   3.693611e-01
   1.471471e+00	   3.672668e-01
   1.476476e+00	   3.651900e-01
   1.481481e+00	   3.631305e-01
   1.486486e+00	   3.610879e-01
   1.491491e+00	   3.590623e-01
   1.496496e+00	   3.570533e-01
   1.501502e+00	   3.550608e-01
   1.506507e+00	   3.530846e-01
   1.511512e+00	   3.511245e-01
   1.516517e+00	   3.491805e-01
   1.521522e+00	   3.472522e-01
   1.526527e+00	   3.453395e-01
   1.531532e+00	   3.434423e-01
   1.536537e+00	   3.415603e-01
   1.541542e+00	   3.396935e-01
   1.546547e+00	   3.378417e-01
   1.551552e+00	   3.360046e-01
   1.556557e+00	   3.341823e-01
   1.561562e+00	   3.323744e-01
   1.566567e+00	   3.305808e-01
   1.571572e+00	   3.288015e-01
   1.576577e+00	   3.270362e-01
   1.581582e+00	   3.252847e-01
   1.586587e+00	   3.235471e-01
   1.591592e+00	   3.218230e-01
   1.596597e+00	   3.201125e-01
   1.601602e+00	   3.184152e-01
   1.606607e+00	   3.167312e-01
   1.611612e+00	   3.150602e-01
   1.616617e+00	   3.134021e-01
   1.621622e+00	   3.117568e-01
   1.626627e+00	   3.101242e-01
   1.631632e+00	   3.085041e-01
   1.636637e+00	   3.068965e-01
   1.641642e+00	   3.053011e-01
   1.646647e+00	   3.037179e-01
   1.651652e+00	   3.021467e-01
   1.656657e+00	   3.005874e-01
   1.661662e+00	   2.990399e-01
   1.666667e+00	   2.975041e-01
   1.671672e+00	   2.959799e-01
   1.676677e+00	   2.944671e-01
   1.681682e+00	   2.929656e-01
   1.686687e+00	   2.914754e-01
   1.691692e+00	   2.899963e-01
   1.696697e+00	   2.885282e-01
   1.701702e+00	   2.870709e-01
   1.706707e+00	   2.856245e-01
   1.711712e+00	   2.841887e-01
   1.716717e+00	   2.827636e-01
   1.721722e+00	   2.813489e-01
   1.726727e+00	   2.799445e-01
   1.731732e+00	   2.785505e-01
   1.736737e+00	   2.771666e-01
   1.741742e+00	   2.757928e-01
   1.746747e+00	   2.744290e-01
   1.751752e+00	   2.730751e-01
   1.756757e+00	   2.717309e-01
   1.761762e+00	   2.703965e-01
   1.766767e+00	   2.690716e-01
   1.771772e+00	   2.677563e-01
   1.776777e+00	   2.664504e-01
   1.781782e+00	   2.651538e-01
   1.786787e+00	   2.638665e-01
   1.791792e+00	   2.625884e-01
   1.796797e+00	   2.613193e-01
   1.801802e+00	   2.600592e-01
   1.806807e+00	   2.588080e-01
   1.811812e+00	   2.575657e-01
   1.816817e+00	   2.563320e-01
   1.821822e+00	   2.551071e-01
   1.826827e+00	   2.538907e-01
   1.831832e+00	   2.526828e-01
   1.836837e+00	   2.514834e-01
   1.841842e+00	   2.502923e-01
   1.846847e+00	   2.491094e-01
   1.851852e+00	   2.479348e-01
   1.856857e+00	   2.467683e-01
   1.861862e+00	   2.456098e-01
   1.866867e+00	   2.444593e-01
   1.871872e+00	   2.433167e-01
   1.876877e+00	   2.421819e-01
   1.881882e+00	   2.410549e-01
   1.886887e+00	   2.399355e-01
   1.891892e+00	   2.388238e-01
   1.896897e+00	   2.377197e-01
   1.901902e+00	   2.366230e-01
   1.906907e+00	   2.355337e-01
   1.911912e+00	   2.344518e-01
   1.916917e+00	   2.333772e-01
   1.921922e+00	   2.323098e-01
   1.926927e+00	   2.312496e-01
   1.931932e+00	   2.301964e-01
   1.936937e+00	   2.291503e-01
   1.941942e+00	   2.281111e-01
   1.946947e+00	   2.270789e-01
   1.951952e+00	   2.260535e-01
   1.956957e+00	   2.250349e-01
   1.961962e+00	   2.240230e-01
   1.966967e+00	   2.230178e-01
   1.971972e+00	   2.220193e-01
   1.976977e+00	   2.210272e-01
   1.981982e+00	   2.200417e-01
   1.986987e+00	   2.190626e-01
   1.991992e+00	   2.180899e-01
   1.996997e+00	   2.171235e-01
   2.002002e+00	   2.161635e-01
   2.007007e+00	   2.152096e-01
   2.012012e+00	   2.142619e-01
   2.017017e+00	   2.133203e-01
   2.022022e+00	   2.123848e-01
   2.027027e+00	   2.114554e-01
   2.032032e+00	   2.105318e-01
   2.037037e+00	   2.096142e-01
   2.042042e+00	   2.087025e-01
   2.047047e+00	   2.077966e-01
   2.052052e+00	   2.068964e-01
   2.057057e+00	   2.060020e-01
   2.062062e+00	   2.051132e-01
   2.067067e+00	   2.042301e-01
   2.072072e+00	   2.033525e-01
   2.077077e+00	   2.024805e-01
   2.082082e+00	   2.016140e-01
   2.087087e+00	   2.007529e-01
   2.092092e+00	   1.998972e-01
   2.097097e+00	   1.990468e-01
   2.102102e+00	   1.982018e-01
   2.107107e+00	   1.973620e-01
   2.112112e+00	   1.965274e-01
   2.117117e+00	   1.956980e-01
   2.122122e+00	   1.948738e-01
   2.127127e+00	   1.940546e-01
   2.132132e+00	   1.932405e-01
   2.137137e+00	   1.924314e-01
   2.142142e+00	   1.916273e-01
   2.147147e+00	   1.908281e-01
   2.152152e+00	   1.900338e-01
   2.157157e+00	   1.892443e-01
   2.162162e+00	   1.884597e-01
   2.167167e+00	   1.876798e-01
   2.172172e+00	   1.869047e-01
   2.177177e+00	   1.861343e-01
   2.182182e+00	   1.853685e-01
   2.187187e+00	   1.846074e-01
   2.192192e+00	   1.838508e-01
   2.197197e+00	   1.830988e-01
   2.202202e+00	   1.823513e-01
   2.207207e+00	   1.816083e-01
   2.212212e+00	   1.808697e-01
   2.217217e+00	   1.801355e-01
   2.222222e+00	   1.794058e-01
   2.227227e+00	   1.786803e-01
   2.232232e+00	   1.779592e-01
   2.237237e+00	   1.772423e-01
   2.242242e+00	   1.765297e-01
   2.247247e+00	   1.758212e-01
   2.252252e+00	   1.751170e-01
   2.257257e+00	   1.744169e-01
   2.262262e+00	   1.737209e-01
   2.267267e+00	   1.730290e-01
   2.272272e+00	   1.723411e-01
   2.277277e+00	   1.716572e-01
   2.282282e+00	   1.709774e-01
   2.287287e+00	   1.703014e-01
   2.292292e+00	   1.696294e-01
   2.297297e+00	   1.689613e-01
   2.302302e+00	   1.682971e-01
   2.307307e+00	   1.676367e-01
   2.312312e+00	   1.669801e-01
   2.317317e+00	   1.663273e-01
   2.322322e+00	   1.656782e-01
   2.327327e+00	   1.650329e-01
   2.332332e+00	   1.643912e-01
   2.337337e+00	   1.637532e-01
   2.342342e+00	   1.631188e-01
   2.347347e+00	   1.624881e-01
   2.352352e+00	   1.618609e-01
   2.357357e+00	   1.612373e-01
   2.362362e+00	   1.606172e-01
   2.367367e+00	   1.600007e-01
   2.372372e+00	   1.593876e-01
   2.377377e+00	   1.587779e-01
   2.382382e+00	   1.581717e-01
   2.387387e+00	   1.575689e-01
   2.392392e+00	   1.569694e-01
   2.397397e+00	   1.563733e-01
   2.402402e+00	   1.557806e-01
   2.407407e+00	   1.551911e-01
   2.412412e+00	   1.546049e-01
   2.417417e+00	   1.540220e-01
   2.422422e+00	   1.534423e-01
   2.427427e+00	   1.528658e-01
   2.432432e+00	   1.522925e-01
   2.437437e+00	   1.517223e-01
   2.442442e+00	   1.511553e-01
   2.447447e+00	   1.505914e-01
   2.452452e+00	   1.500306e-01
   2.457457e+00	   1.494728e-01
   2.462462e+00	   1.489181e-01
   2.467467e+00	   1.483665e-01
   2.472472e+00	   1.478178e-01
   2.477477e+00	   1.472721e-01
   2.482482e+00	   1.467294e-01
   2.487487e+00	   1.461896e-01
   2.492492e+00	   1.456528e-01
   2.497497e+00	   1.451188e-01
   2.502503e+00	   1.445877e-01
   2.507508e+00	   1.440595e-01
   2.512513e+00	   1.435341e-01
   2.517518e+00	   1.430115e-01
   2.522523e+00	   1.424918e-01
   2.527528e+00	   1.419748e-01
   2.532533e+00	   1.414605e-01
   2.537538e+00	   1.409490e-01
   2.542543e+00	   1.404402e-01
   2.547548e+00	   1.399342e-01
   2.552553e+00	   1.394308e-01
   2.557558e+00	   1.389300e-01
   2.562563e+00	   1.384319e-01
   2.567568e+00	   1.379365e-01
   2.572573e+00	   1.374436e-01
   2.577578e+00	   1.369534e-01
   2.582583e+00	   1.364657e-01
   2.587588e+00	   1.359805e-01
   2.592593e+00	   1.354979e-01
   2.597598e+00	   1.350179e-01
   2.602603e+00	   1.345403e-01
   2.607608e+00	   1.340652e-01
   2.612613e+00	   1.335926e-01
   2.617618e+00	   1.331224e-01
   2.622623e+00	   1.326547e-01
   2.627628e+00	   1.321893e-01
   2.632633e+00	   1.317264e-01
   2.637638e+00	   1.312659e-01
   2.642643e+00	   1.308077e-01
   2.647648e+00	   1.303519e-01
   2.652653e+00	   1.298985e-01
   2.657658e+00	   1.294473e-01
   2.662663e+00	   1.289985e-01
   2.667668e+00	   1.285519e-01
   2.672673e+00	   1.281076e-01
   2.677678e+00	   1.276656e-01
   2.682683e+00	   1.272258e-01
   2.687688e+00	   1.267883e-01
   2.692693e+00	   1.263530e-01
   2.697698e+00	   1.259198e-01
   2.702703e+00	   1.254889e-01
   2.707708e+00	   1.250601e-01
   2.712713e+00	   1.246335e-01
   2.717718e+00	   1.242090e-01
   2.722723e+00	   1.237867e-01
   2.727728e+00	   1.233664e-01
   2.732733e+00	   1.229483e-01
   2.737738e+00	   1.225323e-01
   2.742743e+00	   1.221183e-01
   2.747748e+00	   1.217064e-01
   2.752753e+00	   1.212965e-01
   2.757758e+00	   1.208887e-01
   2.762763e+00	   1.204829e-01
   2.767768e+00	   1.200791e-01
   2.772773e+00	   1.196773e-01
   2.777778e+00	   1.192774e-01
   2.782783e+00	   1.188796e-01
   2.787788e+00	   1.184836e-01
   2.792793e+00	   1.180897e-01
   2.797798e+00	   1.176976e-01
   2.802803e+00	   1.173075e-01
   2.807808e+00	   1.169193e-01
   2.812813e+00	   1.165330e-01
   2.817818e+00	   1.161485e-01
   2.822823e+00	   1.157659e-01
   2.827828e+00	   1.153852e-01
   2.832833e+00	   1.150063e-01
   2.837838e+00	   1.146293e-01
   2.842843e+00	   1.142541e-01
   2.847848e+00	   1.138807e-01
   2.852853e+00	   1.135090e-01
   2.857858e+00	   1.131392e-01
   2.862863e+00	   1.127712e-01
   2.867868e+00	   1.124049e-01
   2.872873e+00	   1.120403e-01
   2.877878e+00	   1.116775e-01
   2.882883e+00	   1.113165e-01
   2.887888e+00	   1.109571e-01
   2.892893e+00	   1.105995e-01
   2.897898e+00	   1.102436e-01
   2.902903e+00	   1.098893e-01
   2.907908e+00	   1.095368e-01
   2.912913e+00	   1.091858e-01
   2.917918e+00	   1.088366e-01
   2.922923e+00	   1.084890e-01
   2.927928e+00	   1.081430e-01
   2.932933e+00	   1.077987e-01
   2.937938e+00	   1.074560e-01
   2.942943e+00	   1.071149e-01
   2.947948e+00	   1.067754e-01
   2.952953e+00	   1.064374e-01
   2.957958e+00	   1.061011e-01
   2.962963e+00	   1.057663e-01
   2.967968e+00	   1.054331e-01
   2.972973e+00	   1.051014e-01
   2.977978e+00	   1.047712e-01
   2.982983e+00	   1.044426e-01
   2.987988e+00	   1.041155e-01
   2.992993e+00	   1.037900e-01
   2.997998e+00	   1.034659e-01
   3.003003e+00	   1.031433e-01
   3.008008e+00	   1.028222e-01
   3.013013e+00	   1.025026e-01
   3.018018e+00	   1.021844e-01
   3.023023e+00	   1.018677e-01
   3.028028e+00	   1.015524e-01
   3.033033e+00	   1.012386e-01
   3.038038e+00	   1.009262e-01
   3.043043e+00	   1.006152e-01
   3.048048e+00	   1.003057e-01
   3.053053e+00	   9.999752e-02
   3.058058e+00	   9.969076e-02
   3.063063e+00	   9.938540e-02
   3.068068e+00	   9.908141e-02
   3.073073e+00	   9.877879e-02
   3.078078e+00	   9.847754e-02
   3.083083e+00	   9.817764e-02
   3.088088e+00	   9.787910e-02
   3.093093e+00	   9.758189e-02
   3.098098e+00	   9.728601e-02
   3.103103e+00	   9.699145e-02
   3.108108e+00	   9.669821e-02
   3.113113e+00	   9.640628e-02
   3.118118e+00	   9.611565e-02
   3.123123e+00	   9.582632e-02
   3.128128e+00	   9.553826e-02
   3.133133e+00	   9.525149e-02
   3.138138e+00	   9.496599e-02
   3.143143e+00	   9.468175e-02
   3.148148e+00	   9.439876e-02
   3.153153e+00	   9.411702e-02
   3.158158e+00	   9.383653e-02
   3.163163e+00	   9.355727e-02
   3.168168e+00	   9.327923e-02
   3.173173e+00	   9.300242e-02
   3.178178e+00	   9.272681e-02
   3.183183e+00	   9.245242e-02
   3.188188e+00	   9.217922e-02
   3.193193e+00	   9.190721e-02
   3.198198e+00	   9.163639e-02
   3.203203e+00	   9.136675e-02
   3.208208e+00	   9.109828e-02
   3.213213e+00	   9.083097e-02
   3.218218e+00	   9.056482e-02
   3.223223e+00	   9.029982e-02
   3.228228e+00	   9.003597e-02
   3.233233e+00	   8.977325e-02
   3.238238e+00	   8.951167e-02
   3.243243e+00	   8.925121e-02
   3.248248e+00	   8.899188e-02
   3.253253e+00	   8.873365e-02
   3.258258e+00	   8.847653e-02
   3.263263e+00	   8.822051e-02
   3.268268e+00	   8.796559e-02
   3.273273e+00	   8.771175e-02
   3.278278e+00	   8.745900e-02
   3.283283e+00	   8.720732e-02
   3.288288e+00	   8.695671e-02
   3.293293e+00	   8.670716e-02
   3.298298e+00	   8.645868e-02
   3.303303e+00	   8.621124e-02
   3.308308e+00	   8.596485e-02
   3.313313e+00	   8.571950e-02
   3.318318e+00	   8.547519e-02
   3.323323e+00	   8.523190e-02
   3.328328e+00	   8.498964e-02
   3.333333e+00	   8.474839e-02
   3.338338e+00	   8.450816e-02
   3.343343e+00	   8.426893e-02
   3.348348e+00	   8.403070e-02
   3.353353e+00	   8.379347e-02
   3.358358e+00	   8.355723e-02
   3.363363e+00	   8.332197e-02
   3.368368e+00	   8.308769e-02
   3.373373e+00	   8.285438e-02
   3.378378e+00	   8.262204e-02
   3.383383e+00	   8.239067e-02
   3.388388e+00	   8.216025e-02
   3.393393e+00	   8.193078e-02
   3.398398e+00	   8.170226e-02
   3.403403e+00	   8.147469e-02
   3.408408e+00	   8.124805e-02
   3.413413e+00	   8.102234e-02
   3.418418e+00	   8.079756e-02
   3.423423e+00	   8.057370e-02
   3.428428e+00	   8.035075e-02
   3.433433e+00	   8.012872e-02
   3.438438e+00	   7.990760e-02
   3.443443e+00	   7.968737e-02
   3.448448e+00	   7.946805e-02
   3.453453e+00	   7.924962e-02
   3.458458e+00	   7.903207e-02
   3.463463e+00	   7.881541e-02
   3.468468e+00	   7.859962e-02
   3.473473e+00	   7.838471e-02
   3.478478e+00	   7.817067e-02
   3.483483e+00	   7.795749e-02
   3.488488e+00	   7.774518e-02
   3.493493e+00	   7.753371e-02
   3.498498e+00	   7.732310e-02
   3.503504e+00	   7.711333e-02
   3.508509e+00	   7.690441e-02
   3.513514e+00	   7.669632e-02
   3.518519e+00	   7.648906e-02
   3.523524e+00	   7.628263e-02
   3.528529e+00	   7.607703e-02
   3.533534e+00	   7.587225e-02
   3.538539e+00	   7.566828e-02
   3.543544e+00	   7.546512e-02
   3.548549e+00	   7.526277e-02
   3.553554e+00	   7.506122e-02
   3.558559e+00	   7.486047e-02
   3.563564e+00	   7.466051e-02
   3.568569e+00	   7.446134e-02
   3.573574e+00	   7.426296e-02
   3.578579e+00	   7.406536e-02
   3.583584e+00	   7.386854e-02
   3.588589e+00	   7.367250e-02
   3.593594e+00	   7.347722e-02
   3.598599e+00	   7.328271e-02
   3.603604e+00	   7.308896e-02
   3.608609e+00	   7.289596e-02
   3.613614e+00	   7.270372e-02
   3.618619e+00	   7.251224e-02
   3.623624e+00	   7.232149e-02
   3.628629e+00	   7.213149e-02
   3.633634e+00	   7.194223e-02
   3.638639e+00	   7.175370e-02
   3.643644e+00	   7.156591e-02
   3.648649e+00	   7.137884e-02
   3.653654e+00	   7.119249e-02
   3.658659e+00	   7.100687e-02
   3.663664e+00	   7.082196e-02
   3.668669e+00	   7.063776e-02
   3.673674e+00	   7.045428e-02
   3.678679e+00	   7.027149e-02
   3.683684e+00	   7.008941e-02
   3.688689e+00	   6.990803e-02
   3.693694e+00	   6.972734e-02
   3.698699e+00	   6.954735e-02
   3.703704e+00	   6.936804e-02
   3.708709e+00	   6.918942e-02
   3.713714e+00	   6.901147e-02
   3.718719e+00	   6.883421e-02
   3.723724e+00	   6.865761e-02
   3.728729e+00	   6.848169e-02
   3.733734e+00	   6.830644e-02
   3.738739e+00	   6.813185e-02
   3.743744e+00	   6.795792e-02
   3.748749e+00	   6.778464e-02
   3.753754e+00	   6.761203e-02
   3.758759e+00	   6.744006e-02
   3.763764e+00	   6.726874e-02
   3.768769e+00	   6.709806e-02
   3.773774e+00	   6.692803e-02
   3.778779e+00	   6.675863e-02
   3.783784e+00	   6.658987e-02
   3.788789e+00	   6.642174e-02
   3.793794e+00	   6.625423e-02
   3.798799e+00	   6.608736e-02
   3.803804e+00	   6.592110e-02
   3.808809e+00	   6.575547e-02
   3.813814e+00	   6.559045e-02
   3.818819e+00	   6.542605e-02
   3.823824e+00	   6.526225e-02
   3.828829e+00	   6.509906e-02
   3.833834e+00	   6.493648e-02
   3.838839e+00	   6.477450e-02
   3.843844e+00	   6.461311e-02
   3.848849e+00	   6.445232e-02
   3.853854e+00	   6.429213e-02
   3.858859e+00	   6.413252e-02
   3.863864e+00	   6.397350e-02
   3.868869e+00	   6.381507e-02
   3.873874e+00	   6.365721e-02
   3.878879e+00	   6.349994e-02
   3.883884e+00	   6.334324e-02
   3.888889e+00	   6.318711e-02
   3.893894e+00	   6.303155e-02
   3.898899e+00	   6.287656e-02
   3.903904e+00	   6.272214e-02
   3.908909e+00	   6.256827e-02
   3.913914e+00	   6.241497e-02
   3.918919e+00	   6.226222e-02
   3.923924e+00	   6.211003e-02
   3.928929e+00	   6.195838e-02
   3.933934e+00	   6.180729e-02
   3.938939e+00	   6.165674e-02
   3.943944e+00	   6.150673e-02
   3.948949e+00	   6.135727e-02
   3.953954e+00	   6.120834e-02
   3.958959e+00	   6.105995e-02
   3.963964e+00	   6.091209e-02
   3.968969e+00	   6.076477e-02
   3.973974e+00	   6.061797e-02
   3.978979e+00	   6.047169e-02
   3.983984e+00	   6.032594e-02
   3.988989e+00	   6.018071e-02
   3.993994e+00	   6.003600e-02
   3.998999e+00	   5.989180e-02
   4.004004e+00	   5.974812e-02
   4.009009e+00	   5.960495e-02
   4.014014e+00	   5.946228e-02
   4.019019e+00	   5.932012e-02
   4.024024e+00	   5.917847e-02
   4.029029e+00	   5.903732e-02
   4.034034e+00	   5.889666e-02
   4.039039e+00	   5.875651e-02
   4.044044e+00	   5.861684e-02
   4.049049e+00	   5.847767e-02
   4.054054e+00	   5.833899e-02
   4.059059e+00	   5.820080e-02
   4.064064e+00	   5.806309e-02
   4.069069e+00	   5.792586e-02
   4.074074e+00	   5.778912e-02
   4.079079e+00	   5.765285e-02
   4.084084e+00	   5.751706e-02
   4.089089e+00	   5.738175e-02
   4.094094e+00	   5.724690e-02
   4.099099e+00	   5.711253e-02
   4.104104e+00	   5.697862e-02
   4.109109e+00	   5.684518e-02
   4.114114e+00	   5.671221e-02
   4.119119e+00	   5.657969e-02
   4.124124e+00	   5.644763e-02
   4.129129e+00	   5.631603e-02
   4.134134e+00	   5.618489e-02
   4.139139e+00	   5.605419e-02
   4.144144e+00	   5.592395e-02
   4.149149e+00	   5.579416e-02
   4.154154e+00	   5.566481e-02
   4.159159e+00	   5.553591e-02
   4.164164e+00	   5.540745e-02
   4.169169e+00	   5.527943e-02
   4.174174e+00	   5.515185e-02
   4.179179e+00	   5.502471e-02
   4.184184e+00	   5.489800e-02
   4.189189e+00	   5.477173e-02
   4.194194e+00	   5.464588e-02
   4.199199e+00	   5.452046e-02
   4.204204e+00	   5.439547e-02
   4.209209e+00	   5.427091e-02
   4.214214e+00	   5.414677e-02
   4.219219e+00	   5.402305e-02
   4.224224e+00	   5.389975e-02
   4.229229e+00	   5.377686e-02
   4.234234e+00	   5.365440e-02
   4.239239e+00	   5.353234e-02
   4.244244e+00	   5.341070e-02
   4.249249e+00	   5.328947e-02
   4.254254e+00	   5.316864e-02
   4.259259e+00	   5.304822e-02
   4.264264e+00	   5.292821e-02
   4.269269e+00	   5.280860e-02
   4.274274e+00	   5.268939e-02
   4.279279e+00	   5.257058e-02
   4.284284e+00	   5.245217e-02
   4.289289e+00	   5.233415e-02
   4.294294e+00	   5.221653e-02
   4.299299e+00	   5.209930e-02
   4.304304e+00	   5.198246e-02
   4.309309e+00	   5.186600e-02
   4.314314e+00	   5.174994e-02
   4.319319e+00	   5.163426e-02
   4.324324e+00	   5.151896e-02
   4.329329e+00	   5.140405e-02
   4.334334e+00	   5.128952e-02
   4.339339e+00	   5.117536e-02
   4.344344e+00	   5.106158e-02
   4.349349e+00	   5.094818e-02
   4.354354e+00	   5.083515e-02
   4.359359e+00	   5.072250e-02
   4.364364e+00	   5.061021e-02
   4.369369e+00	   5.049829e-02
   4.374374e+00	   5.038674e-02
   4.379379e+00	   5.027556e-02
   4.384384e+00	   5.016474e-02
   4.389389e+00	   5.005428e-02
   4.394394e+00	   4.994419e-02
   4.399399e+00	   4.983445e-02
   4.404404e+00	   4.972507e-02
   4.409409e+00	   4.961605e-02
   4.414414e+00	   4.950738e-02
   4.419419e+00	   4.939906e-02
   4.424424e+00	   4.929110e-02
   4.429429e+00	   4.918349e-02
   4.434434e+00	   4.907622e-02
   4.439439e+00	   4.896930e-02
   4.444444e+00	   4.886273e-02
   4.449449e+00	   4.875650e-02
   4.454454e+00	   4.865062e-02
   4.459459e+00	   4.854508e-02
   4.464464e+00	   4.843987e-02
   4.469469e+00	   4.833501e-02
   4.474474e+00	   4.823048e-02
   4.479479e+00	   4.812629e-02
   4.484484e+00	   4.802243e-02
   4.489489e+00	   4.791891e-02
   4.494494e+00	   4.781571e-02
   4.499499e+00	   4.771285e-02
   4.504505e+00	   4.761031e-02
   4.509510e+00	   4.750810e-02
   4.514515e+00	   4.740622e-02
   4.519520e+00	   4.730466e-02
   4.524525e+00	   4.720343e-02
   4.529530e+00	   4.710251e-02
   4.534535e+00	   4.700192e-02
   4.539540e+00	   4.690165e-02
   4.544545e+00	   4.680169e-02
   4.549550e+00	   4.670205e-02
   4.554555e+00	   4.660273e-02
   4.559560e+00	   4.650371e-02
   4.564565e+00	   4.640501e-02
   4.569570e+00	   4.630663e-02
   4.574575e+00	   4.620855e-02
   4.579580e+00	   4.611078e-02
   4.584585e+00	   4.601332e-02
   4.589590e+00	   4.591616e-02
   4.594595e+00	   4.581931e-02
   4.599600e+00	   4.572276e-02
   4.604605e+00	   4.562651e-02
   4.609610e+00	   4.553057e-02
   4.614615e+00	   4.543492e-02
   4.619620e+00	   4.533957e-02
   4.624625e+00	   4.524452e-02
   4.629630e+00	   4.514977e-02
   4.634635e+00	   4.505531e-02
   4.639640e+00	   4.496114e-02
   4.644645e+00	   4.486727e-02
   4.649650e+00	   4.477368e-02
   4.654655e+00	   4.468039e-02
   4.659660e+00	   4.458739e-02
   4.664665e+00	   4.449467e-02
   4.669670e+00	   4.440224e-02
   4.674675e+00	   4.431009e-02
   4.679680e+00	   4.421823e-02
   4.684685e+00	   4.412666e-02
   4.689690e+00	   4.403536e-02
   4.694695e+00	   4.394434e-02
   4.699700e+00	   4.385361e-02
   4.704705e+00	   4.376315e-02
   4.709710e+00	   4.367297e-02
   4.714715e+00	   4.358306e-02
   4.719720e+00	   4.349343e-02
   4.724725e+00	   4.340408e-02
   4.729730e+00	   4.331500e-02
   4.734735e+00	   4.322618e-02
   4.739740e+00	   4.313764e-02
   4.744745e+00	   4.304937e-02
   4.749750e+00	   4.296137e-02
   4.754755e+00	   4.287363e-02
   4.759760e+00	   4.278616e-02
   4.764765e+00	   4.269896e-02
   4.769770e+00	   4.261202e-02
   4.774775e+00	   4.252534e-02
   4.779780e+00	   4.243892e-02
   4.784785e+00	   4.235277e-02
   4.789790e+00	   4.226688e-02
   4.794795e+00	   4.218124e-02
   4.799800e+00	   4.209586e-02
   4.804805e+00	   4.201074e-02
   4.809810e+00	   4.192588e-02
   4.814815e+00	   4.184127e-02
   4.819820e+00	   4.175691e-02
   4.824825e+00	   4.167280e-02
   4.829830e+00	   4.158895e-02
   4.834835e+00	   4.150535e-02
   4.839840e+00	   4.142200e-02
   4.844845e+00	   4.133890e-02
   4.849850e+00	   4.125604e-02
   4.854855e+00	   4.117343e-02
   4.859860e+00	   4.109107e-02
   4.864865e+00	   4.100895e-02
   4.869870e+00	   4.092708e-02
   4.874875e+00	   4.084545e-02
   4.879880e+00	   4.076406e-02
   4.884885e+00	   4.068291e-02
   4.889890e+00	   4.060200e-02
   4.894895e+00	   4.052133e-02
   4.899900e+00	   4.044090e-02
   4.904905e+00	   4.036071e-02
   4.909910e+00	   4.028075e-02
   4.914915e+00	   4.020103e-02
   4.919920e+00	   4.012155e-02
   4.924925e+00	   4.004229e-02
   4.929930e+00	   3.996327e-02
   4.934935e+00	   3.988448e-02
   4.939940e+00	   3.980593e-02
   4.944945e+00	   3.972760e-02
   4.949950e+00	   3.964950e-02
   4.954955e+00	   3.957163e-02
   4.959960e+00	   3.949399e-02
   4.964965e+00	   3.941657e-02
   4.969970e+00	   3.933938e-02
   4.974975e+00	   3.926241e-02
   4.979980e+00	   3.918567e-02
   4.984985e+00	   3.910915e-02
   4.989990e+00	   3.903286e-02
   4.994995e+00	   3.895678e-02
   5.000000e+00	   3.891880e-02
