   0.000000e+00	            nan
   5.005005e-03	            nan
   1.001001e-02	   1.126741e+02
   1.501502e-02	   7.508052e+01
   2.002002e-02	   5.627632e+01
   2.502503e-02	   4.498854e+01
   3.003003e-02	   3.745939e+01
   3.503504e-02	   3.207831e+01
   4.004004e-02	   2.804001e+01
   4.504505e-02	   2.489703e+01
   5.005005e-02	   2.238093e+01
   5.505506e-02	   2.032082e+01
   6.006006e-02	   1.860281e+01
   6.506507e-02	   1.714801e+01
   7.007007e-02	   1.590008e+01
   7.507508e-02	   1.481771e+01
   8.008008e-02	   1.386988e+01
   8.508509e-02	   1.303291e+01
   9.009009e-02	   1.228834e+01
   9.509510e-02	   1.162162e+01
   1.001001e-01	   1.102109e+01
   1.051051e-01	   1.047732e+01
   1.101101e-01	   9.982603e+00
   1.151151e-01	   9.530549e+00
   1.201201e-01	   9.115845e+00
   1.251251e-01	   8.734025e+00
   1.301301e-01	   8.381310e+00
   1.351351e-01	   8.054478e+00
   1.401401e-01	   7.750768e+00
   1.451451e-01	   7.467799e+00
   1.501502e-01	   7.203508e+00
   1.551552e-01	   6.956096e+00
   1.601602e-01	   6.723990e+00
   1.651652e-01	   6.505805e+00
   1.701702e-01	   6.300322e+00
   1.751752e-01	   6.106458e+00
   1.801802e-01	   5.923251e+00
   1.851852e-01	   5.749844e+00
   1.901902e-01	   5.585468e+00
   1.951952e-01	   5.429433e+00
   2.002002e-01	   5.281120e+00
   2.052052e-01	   5.139967e+00
   2.102102e-01	   5.005467e+00
   2.152152e-01	   4.877161e+00
   2.202202e-01	   4.754629e+00
   2.252252e-01	   4.637490e+00
   2.302302e-01	   4.525396e+00
   2.352352e-01	   4.418028e+00
   2.402402e-01	   4.315094e+00
   2.452452e-01	   4.216324e+00
   2.502503e-01	   4.121472e+00
   2.552553e-01	   4.030309e+00
   2.602603e-01	   3.942625e+00
   2.652653e-01	   3.858226e+00
   2.702703e-01	   3.776930e+00
   2.752753e-01	   3.698571e+00
   2.802803e-01	   3.622993e+00
   2.852853e-01	   3.550052e+00
   2.902903e-01	   3.479613e+00
   2.952953e-01	   3.411549e+00
   3.003003e-01	   3.345745e+00
   3.053053e-01	   3.282090e+00
   3.103103e-01	   3.220481e+00
   3.153153e-01	   3.160823e+00
   3.203203e-01	   3.103025e+00
   3.253253e-01	   3.047002e+00
   3.303303e-01	   2.992675e+00
   3.353353e-01	   2.939970e+00
   3.403403e-01	   2.888815e+00
   3.453453e-01	   2.839143e+00
   3.503504e-01	   2.790894e+00
   3.553554e-01	   2.744006e+00
   3.603604e-01	   2.698424e+00
   3.653654e-01	   2.654096e+00
   3.703704e-01	   2.610971e+00
   3.753754e-01	   2.569002e+00
   3.803804e-01	   2.528143e+00
   3.853854e-01	   2.488353e+00
   3.903904e-01	   2.449590e+00
   3.953954e-01	   2.411817e+00
   4.004004e-01	   2.374996e+00
   4.054054e-01	   2.339094e+00
   4.104104e-01	   2.304076e+00
   4.154154e-01	   2.269911e+00
   4.204204e-01	   2.236570e+00
   4.254254e-01	   2.204024e+00
   4.304304e-01	   2.172245e+00
   4.354354e-01	   2.141207e+00
   4.404404e-01	   2.110886e+00
   4.454454e-01	   2.081257e+00
   4.504505e-01	   2.052298e+00
   4.554555e-01	   2.023987e+00
   4.604605e-01	   1.996304e+00
   4.654655e-01	   1.969228e+00
   4.704705e-01	   1.942740e+00
   4.754755e-01	   1.916822e+00
   4.804805e-01	   1.891456e+00
   4.854855e-01	   1.866626e+00
   4.904905e-01	   1.842316e+00
   4.954955e-01	   1.818509e+00
   5.005005e-01	   1.795191e+00
   5.055055e-01	   1.772348e+00
   5.105105e-01	   1.749965e+00
   5.155155e-01	   1.728030e+00
   5.205205e-01	   1.706530e+00
   5.255255e-01	   1.685453e+00
   5.305305e-01	   1.664786e+00
   5.355355e-01	   1.644519e+00
   5.405405e-01	   1.624640e+00
   5.455455e-01	   1.605139e+00
   5.505506e-01	   1.586006e+00
   5.555556e-01	   1.567231e+00
   5.605606e-01	   1.548804e+00
   5.655656e-01	   1.530716e+00
   5.705706e-01	   1.512958e+00
   5.755756e-01	   1.495523e+00
   5.805806e-01	   1.478401e+00
   5.855856e-01	   1.461585e+00
   5.905906e-01	   1.445067e+00
   5.955956e-01	   1.428839e+00
   6.006006e-01	   1.412895e+00
   6.056056e-01	   1.397227e+00
   6.106106e-01	   1.381829e+00
   6.156156e-01	   1.366694e+00
   6.206206e-01	   1.351816e+00
   6.256256e-01	   1.337189e+00
   6.306306e-01	   1.322806e+00
   6.356356e-01	   1.308662e+00
   6.406406e-01	   1.294752e+00
   6.456456e-01	   1.281070e+00
   6.506507e-01	   1.267611e+00
   6.556557e-01	   1.254369e+00
   6.606607e-01	   1.241341e+00
   6.656657e-01	   1.228520e+00
   6.706707e-01	   1.215903e+00
   6.756757e-01	   1.203485e+00
   6.806807e-01	   1.191261e+00
   6.856857e-01	   1.179228e+00
   6.906907e-01	   1.167381e+00
   6.956957e-01	   1.155716e+00
   7.007007e-01	   1.144230e+00
   7.057057e-01	   1.132918e+00
   7.107107e-01	   1.121776e+00
   7.157157e-01	   1.110802e+00
   7.207207e-01	   1.099992e+00
   7.257257e-01	   1.089342e+00
   7.307307e-01	   1.078849e+00
   7.357357e-01	   1.068511e+00
   7.407407e-01	   1.058322e+00
   7.457457e-01	   1.048282e+00
   7.507508e-01	   1.038386e+00
   7.557558e-01	   1.028633e+00
   7.607608e-01	   1.019018e+00
   7.657658e-01	   1.009539e+00
   7.707708e-01	   1.000195e+00
   7.757758e-01	   9.909809e-01
   7.807808e-01	   9.818957e-01
   7.857858e-01	   9.729366e-01
   7.907908e-01	   9.641011e-01
   7.957958e-01	   9.553870e-01
   8.008008e-01	   9.467918e-01
   8.058058e-01	   9.383135e-01
   8.108108e-01	   9.299497e-01
   8.158158e-01	   9.216984e-01
   8.208208e-01	   9.135575e-01
   8.258258e-01	   9.055250e-01
   8.308308e-01	   8.975989e-01
   8.358358e-01	   8.897773e-01
   8.408408e-01	   8.820582e-01
   8.458458e-01	   8.744399e-01
   8.508509e-01	   8.669205e-01
   8.558559e-01	   8.594983e-01
   8.608609e-01	   8.521716e-01
   8.658659e-01	   8.449387e-01
   8.708709e-01	   8.377979e-01
   8.758759e-01	   8.307476e-01
   8.808809e-01	   8.237864e-01
   8.858859e-01	   8.169126e-01
   8.908909e-01	   8.101247e-01
   8.958959e-01	   8.034213e-01
   9.009009e-01	   7.968010e-01
   9.059059e-01	   7.902624e-01
   9.109109e-01	   7.838040e-01
   9.159159e-01	   7.774246e-01
   9.209209e-01	   7.711228e-01
   9.259259e-01	   7.648973e-01
   9.309309e-01	   7.587469e-01
   9.359359e-01	   7.526704e-01
   9.409409e-01	   7.466666e-01
   9.459459e-01	   7.407342e-01
   9.509510e-01	   7.348722e-01
   9.559560e-01	   7.290793e-01
   9.609610e-01	   7.233545e-01
   9.659660e-01	   7.176968e-01
   9.709710e-01	   7.121049e-01
   9.759760e-01	   7.065780e-01
   9.809810e-01	   7.011150e-01
   9.859860e-01	   6.957148e-01
   9.909910e-01	   6.903765e-01
   9.959960e-01	   6.850992e-01
   1.001001e+00	   6.798819e-01
   1.006006e+00	   6.747236e-01
   1.011011e+00	   6.696236e-01
   1.016016e+00	   6.645808e-01
   1.021021e+00	   6.595945e-01
   1.026026e+00	   6.546637e-01
   1.031031e+00	   6.497876e-01
   1.036036e+00	   6.449655e-01
   1.041041e+00	   6.401965e-01
   1.046046e+00	   6.354798e-01
   1.051051e+00	   6.308147e-01
   1.056056e+00	   6.262003e-01
   1.061061e+00	   6.216360e-01
   1.066066e+00	   6.171211e-01
   1.071071e+00	   6.126547e-01
   1.076076e+00	   6.082362e-01
   1.081081e+00	   6.038650e-01
   1.086086e+00	   5.995402e-01
   1.091091e+00	   5.952613e-01
   1.096096e+00	   5.910277e-01
   1.101101e+00	   5.868386e-01
   1.106106e+00	   5.826934e-01
   1.111111e+00	   5.785916e-01
   1.116116e+00	   5.745325e-01
   1.121121e+00	   5.705155e-01
   1.126126e+00	   5.665400e-01
   1.131131e+00	   5.626055e-01
   1.136136e+00	   5.587113e-01
   1.141141e+00	   5.548570e-01
   1.146146e+00	   5.510420e-01
   1.151151e+00	   5.472658e-01
   1.156156e+00	   5.435277e-01
   1.161161e+00	   5.398274e-01
   1.166166e+00	   5.361643e-01
   1.171171e+00	   5.325378e-01
   1.176176e+00	   5.289476e-01
   1.181181e+00	   5.253931e-01
   1.186186e+00	   5.218738e-01
   1.191191e+00	   5.183894e-01
   1.196196e+00	   5.149392e-01
   1.201201e+00	   5.115229e-01
   1.206206e+00	   5.081401e-01
   1.211211e+00	   5.047902e-01
   1.216216e+00	   5.014729e-01
   1.221221e+00	   4.981877e-01
   1.226226e+00	   4.949342e-01
   1.231231e+00	   4.917121e-01
   1.236236e+00	   4.885208e-01
   1.241241e+00	   4.853601e-01
   1.246246e+00	   4.822295e-01
   1.251251e+00	   4.791287e-01
   1.256256e+00	   4.760572e-01
   1.261261e+00	   4.730147e-01
   1.266266e+00	   4.700008e-01
   1.271271e+00	   4.670152e-01
   1.276276e+00	   4.640575e-01
   1.281281e+00	   4.611274e-01
   1.286286e+00	   4.582246e-01
   1.291291e+00	   4.553486e-01
   1.296296e+00	   4.524992e-01
   1.301301e+00	   4.496760e-01
   1.306306e+00	   4.468787e-01
   1.311311e+00	   4.441071e-01
   1.316316e+00	   4.413607e-01
   1.321321e+00	   4.386393e-01
   1.326326e+00	   4.359425e-01
   1.331331e+00	   4.332702e-01
   1.336336e+00	   4.306219e-01
   1.341341e+00	   4.279974e-01
   1.346346e+00	   4.253965e-01
   1.351351e+00	   4.228187e-01
   1.356356e+00	   4.202640e-01
   1.361361e+00	   4.177319e-01
   1.366366e+00	   4.152222e-01
   1.371371e+00	   4.127347e-01
   1.376376e+00	   4.102691e-01
   1.381381e+00	   4.078252e-01
   1.386386e+00	   4.054026e-01
   1.391391e+00	   4.030011e-01
   1.396396e+00	   4.006206e-01
   1.401401e+00	   3.982607e-01
   1.406406e+00	   3.959212e-01
   1.411411e+00	   3.936020e-01
   1.416416e+00	   3.913026e-01
   1.421421e+00	   3.890230e-01
   1.426426e+00	   3.867629e-01
   1.431431e+00	   3.845221e-01
   1.436436e+00	   3.823003e-01
   1.441441e+00	   3.800974e-01
   1.446446e+00	   3.779131e-01
   1.451451e+00	   3.757472e-01
   1.456456e+00	   3.735996e-01
   1.461461e+00	   3.714699e-01
   1.466466e+00	   3.693581e-01
   1.471471e+00	   3.672639e-01
   1.476476e+00	   3.651872e-01
   1.481481e+00	   3.631276e-01
   1.486486e+00	   3.610851e-01
   1.491491e+00	   3.590595e-01
   1.496496e+00	   3.570505e-01
   1.501502e+00	   3.550581e-01
   1.506507e+00	   3.530819e-01
   1.511512e+00	   3.511219e-01
   1.516517e+00	   3.491778e-01
   1.521522e+00	   3.472496e-01
   1.526527e+00	   3.453369e-01
   1.531532e+00	   3.434397e-01
   1.536537e+00	   3.415578e-01
   1.541542e+00	   3.396910e-01
   1.546547e+00	   3.378392e-01
   1.551552e+00	   3.360022e-01
   1.556557e+00	   3.341798e-01
   1.561562e+00	   3.323720e-01
   1.566567e+00	   3.305785e-01
   1.571572e+00	   3.287991e-01
   1.576577e+00	   3.270338e-01
   1.581582e+00	   3.252824e-01
   1.586587e+00	   3.235448e-01
   1.591592e+00	   3.218208e-01
   1.596597e+00	   3.201102e-01
   1.601602e+00	   3.184130e-01
   1.606607e+00	   3.167290e-01
   1.611612e+00	   3.150580e-01
   1.616617e+00	   3.134000e-01
   1.621622e+00	   3.117547e-01
   1.626627e+00	   3.101221e-01
   1.631632e+00	   3.085021e-01
   1.636637e+00	   3.068944e-01
   1.641642e+00	   3.052991e-01
   1.646647e+00	   3.037159e-01
   1.651652e+00	   3.021447e-01
   1.656657e+00	   3.005854e-01
   1.661662e+00	   2.990380e-01
   1.666667e+00	   2.975022e-01
   1.671672e+00	   2.959780e-01
   1.676677e+00	   2.944652e-01
   1.681682e+00	   2.929638e-01
   1.686687e+00	   2.914735e-01
   1.691692e+00	   2.899944e-01
   1.696697e+00	   2.885263e-01
   1.701702e+00	   2.870691e-01
   1.706707e+00	   2.856227e-01
   1.711712e+00	   2.841870e-01
   1.716717e+00	   2.827618e-01
   1.721722e+00	   2.813471e-01
   1.726727e+00	   2.799428e-01
   1.731732e+00	   2.785488e-01
   1.736737e+00	   2.771649e-01
   1.741742e+00	   2.757911e-01
   1.746747e+00	   2.744273e-01
   1.751752e+00	   2.730734e-01
   1.756757e+00	   2.717293e-01
   1.761762e+00	   2.703949e-01
   1.766767e+00	   2.690700e-01
   1.771772e+00	   2.677547e-01
   1.776777e+00	   2.664489e-01
   1.781782e+00	   2.651523e-01
   1.786787e+00	   2.638650e-01
   1.791792e+00	   2.625869e-01
   1.796797e+00	   2.613178e-01
   1.801802e+00	   2.600577e-01
   1.806807e+00	   2.588066e-01
   1.811812e+00	   2.575642e-01
   1.816817e+00	   2.563306e-01
   1.821822e+00	   2.551057e-01
   1.826827e+00	   2.538893e-01
   1.831832e+00	   2.526814e-01
   1.836837e+00	   2.514820e-01
   1.841842e+00	   2.502909e-01
   1.846847e+00	   2.491081e-01
   1.851852e+00	   2.479334e-01
   1.856857e+00	   2.467669e-01
   1.861862e+00	   2.456085e-01
   1.866867e+00	   2.444580e-01
   1.871872e+00	   2.433154e-01
   1.876877e+00	   2.421806e-01
   1.881882e+00	   2.410536e-01
   1.886887e+00	   2.399343e-01
   1.891892e+00	   2.388226e-01
   1.896897e+00	   2.377184e-01
   1.901902e+00	   2.366218e-01
   1.906907e+00	   2.355325e-01
   1.911912e+00	   2.344506e-01
   1.916917e+00	   2.333760e-01
   1.921922e+00	   2.323086e-01
   1.926927e+00	   2.312484e-01
   1.931932e+00	   2.301952e-01
   1.936937e+00	   2.291491e-01
   1.941942e+00	   2.281100e-01
   1.946947e+00	   2.270778e-01
   1.951952e+00	   2.260524e-01
   1.956957e+00	   2.250338e-01
   1.961962e+00	   2.240219e-01
   1.966967e+00	   2.230167e-01
   1.971972e+00	   2.220182e-01
   1.976977e+00	   2.210261e-01
   1.981982e+00	   2.200406e-01
   1.986987e+00	   2.190615e-01
   1.991992e+00	   2.180889e-01
   1.996997e+00	   2.171225e-01
   2.002002e+00	   2.161624e-01
   2.007007e+00	   2.152086e-01
   2.012012e+00	   2.142609e-01
   2.017017e+00	   2.133193e-01
   2.022022e+00	   2.123838e-01
   2.027027e+00	   2.114544e-01
   2.032032e+00	   2.105309e-01
   2.037037e+00	   2.096133e-01
   2.042042e+00	   2.087015e-01
   2.047047e+00	   2.077956e-01
   2.052052e+00	   2.068955e-01
   2.057057e+00	   2.060011e-01
   2.062062e+00	   2.051123e-01
   2.067067e+00	   2.042292e-01
   2.072072e+00	   2.033516e-01
   2.077077e+00	   2.024796e-01
   2.082082e+00	   2.016131e-01
   2.087087e+00	   2.007520e-01
   2.092092e+00	   1.998963e-01
   2.097097e+00	   1.990459e-01
   2.102102e+00	   1.982009e-01
   2.107107e+00	   1.973611e-01
   2.112112e+00	   1.965265e-01
   2.117117e+00	   1.956972e-01
   2.122122e+00	   1.948729e-01
   2.127127e+00	   1.940538e-01
   2.132132e+00	   1.932397e-01
   2.137137e+00	   1.924306e-01
   2.142142e+00	   1.916265e-01
   2.147147e+00	   1.908273e-01
   2.152152e+00	   1.900330e-01
   2.157157e+00	   1.892435e-01
   2.162162e+00	   1.884589e-01
   2.167167e+00	   1.876790e-01
   2.172172e+00	   1.869039e-01
   2.177177e+00	   1.861335e-01
   2.182182e+00	   1.853677e-01
   2.187187e+00	   1.846066e-01
   2.192192e+00	   1.838500e-01
   2.197197e+00	   1.830980e-01
   2.202202e+00	   1.823505e-01
   2.207207e+00	   1.816075e-01
   2.212212e+00	   1.808690e-01
   2.217217e+00	   1.801348e-01
   2.222222e+00	   1.794050e-01
   2.227227e+00	   1.786796e-01
   2.232232e+00	   1.779585e-01
   2.237237e+00	   1.772416e-01
   2.242242e+00	   1.765290e-01
   2.247247e+00	   1.758205e-01
   2.252252e+00	   1.751163e-01
   2.257257e+00	   1.744162e-01
   2.262262e+00	   1.737202e-01
   2.267267e+00	   1.730283e-01
   2.272272e+00	   1.723404e-01
   2.277277e+00	   1.716566e-01
   2.282282e+00	   1.709767e-01
   2.287287e+00	   1.703008e-01
   2.292292e+00	   1.696288e-01
   2.297297e+00	   1.689607e-01
   2.302302e+00	   1.682965e-01
   2.307307e+00	   1.676361e-01
   2.312312e+00	   1.669795e-01
   2.317317e+00	   1.663267e-01
   2.322322e+00	   1.656776e-01
   2.327327e+00	   1.650322e-01
   2.332332e+00	   1.643906e-01
   2.337337e+00	   1.637526e-01
   2.342342e+00	   1.631182e-01
   2.347347e+00	   1.624875e-01
   2.352352e+00	   1.618603e-01
   2.357357e+00	   1.612367e-01
   2.362362e+00	   1.606167e-01
   2.367367e+00	   1.600001e-01
   2.372372e+00	   1.593870e-01
   2.377377e+00	   1.587773e-01
   2.382382e+00	   1.581711e-01
   2.387387e+00	   1.575683e-01
   2.392392e+00	   1.569689e-01
   2.397397e+00	   1.563728e-01
   2.402402e+00	   1.557800e-01
   2.407407e+00	   1.551906e-01
   2.412412e+00	   1.546044e-01
   2.417417e+00	   1.540214e-01
   2.422422e+00	   1.534417e-01
   2.427427e+00	   1.528652e-01
   2.432432e+00	   1.522919e-01
   2.437437e+00	   1.517218e-01
   2.442442e+00	   1.511548e-01
   2.447447e+00	   1.505909e-01
   2.452452e+00	   1.500301e-01
   2.457457e+00	   1.494723e-01
   2.462462e+00	   1.489176e-01
   2.467467e+00	   1.483660e-01
   2.472472e+00	   1.478173e-01
   2.477477e+00	   1.472716e-01
   2.482482e+00	   1.467289e-01
   2.487487e+00	   1.461891e-01
   2.492492e+00	   1.456523e-01
   2.497497e+00	   1.451183e-01
   2.502503e+00	   1.445872e-01
   2.507508e+00	   1.440590e-01
   2.512513e+00	   1.435336e-01
   2.517518e+00	   1.430111e-01
   2.522523e+00	   1.424913e-01
   2.527528e+00	   1.419743e-01
   2.532533e+00	   1.414601e-01
   2.537538e+00	   1.409486e-01
   2.542543e+00	   1.404398e-01
   2.547548e+00	   1.399337e-01
   2.552553e+00	   1.394303e-01
   2.557558e+00	   1.389296e-01
   2.562563e+00	   1.384315e-01
   2.567568e+00	   1.379360e-01
   2.572573e+00	   1.374432e-01
   2.577578e+00	   1.369529e-01
   2.582583e+00	   1.364653e-01
   2.587588e+00	   1.359801e-01
   2.592593e+00	   1.354975e-01
   2.597598e+00	   1.350174e-01
   2.602603e+00	   1.345399e-01
   2.607608e+00	   1.340648e-01
   2.612613e+00	   1.335922e-01
   2.617618e+00	   1.331220e-01
   2.622623e+00	   1.326543e-01
   2.627628e+00	   1.321889e-01
   2.632633e+00	   1.317260e-01
   2.637638e+00	   1.312655e-01
   2.642643e+00	   1.308073e-01
   2.647648e+00	   1.303515e-01
   2.652653e+00	   1.298981e-01
   2.657658e+00	   1.294469e-01
   2.662663e+00	   1.289981e-01
   2.667668e+00	   1.285515e-01
   2.672673e+00	   1.281072e-01
   2.677678e+00	   1.276652e-01
   2.682683e+00	   1.272255e-01
   2.687688e+00	   1.267879e-01
   2.692693e+00	   1.263526e-01
   2.697698e+00	   1.259195e-01
   2.702703e+00	   1.254885e-01
   2.707708e+00	   1.250598e-01
   2.712713e+00	   1.246331e-01
   2.717718e+00	   1.242087e-01
   2.722723e+00	   1.237863e-01
   2.727728e+00	   1.233661e-01
   2.732733e+00	   1.229480e-01
   2.737738e+00	   1.225319e-01
   2.742743e+00	   1.221180e-01
   2.747748e+00	   1.217060e-01
   2.752753e+00	   1.212962e-01
   2.757758e+00	   1.208884e-01
   2.762763e+00	   1.204825e-01
   2.767768e+00	   1.200787e-01
   2.772773e+00	   1.196769e-01
   2.777778e+00	   1.192771e-01
   2.782783e+00	   1.188792e-01
   2.787788e+00	   1.184833e-01
   2.792793e+00	   1.180893e-01
   2.797798e+00	   1.176973e-01
   2.802803e+00	   1.173072e-01
   2.807808e+00	   1.169190e-01
   2.812813e+00	   1.165326e-01
   2.817818e+00	   1.161482e-01
   2.822823e+00	   1.157656e-01
   2.827828e+00	   1.153849e-01
   2.832833e+00	   1.150060e-01
   2.837838e+00	   1.146290e-01
   2.842843e+00	   1.142538e-01
   2.847848e+00	   1.138804e-01
   2.852853e+00	   1.135087e-01
   2.857858e+00	   1.131389e-01
   2.862863e+00	   1.127709e-01
   2.867868e+00	   1.124046e-01
   2.872873e+00	   1.120400e-01
   2.877878e+00	   1.116772e-01
   2.882883e+00	   1.113162e-01
   2.887888e+00	   1.109568e-01
   2.892893e+00	   1.105992e-01
   2.897898e+00	   1.102433e-01
   2.902903e+00	   1.098890e-01
   2.907908e+00	   1.095365e-01
   2.912913e+00	   1.091856e-01
   2.917918e+00	   1.088363e-01
   2.922923e+00	   1.084887e-01
   2.927928e+00	   1.081428e-01
   2.932933e+00	   1.077984e-01
   2.937938e+00	   1.074557e-01
   2.942943e+00	   1.071146e-01
   2.947948e+00	   1.067751e-01
   2.952953e+00	   1.064372e-01
   2.957958e+00	   1.061008e-01
   2.962963e+00	   1.057660e-01
   2.967968e+00	   1.054328e-01
   2.972973e+00	   1.051011e-01
   2.977978e+00	   1.047710e-01
   2.982983e+00	   1.044424e-01
   2.987988e+00	   1.041153e-01
   2.992993e+00	   1.037897e-01
   2.997998e+00	   1.034656e-01
   3.003003e+00	   1.031430e-01
   3.008008e+00	   1.028219e-01
   3.013013e+00	   1.025023e-01
   3.018018e+00	   1.021841e-01
   3.023023e+00	   1.018674e-01
   3.028028e+00	   1.015522e-01
   3.033033e+00	   1.012384e-01
   3.038038e+00	   1.009260e-01
   3.043043e+00	   1.006150e-01
   3.048048e+00	   1.003054e-01
   3.053053e+00	   9.999729e-02
   3.058058e+00	   9.969053e-02
   3.063063e+00	   9.938517e-02
   3.068068e+00	   9.908118e-02
   3.073073e+00	   9.877857e-02
   3.078078e+00	   9.847732e-02
   3.083083e+00	   9.817742e-02
   3.088088e+00	   9.787887e-02
   3.093093e+00	   9.758166e-02
   3.098098e+00	   9.728579e-02
   3.103103e+00	   9.699123e-02
   3.108108e+00	   9.669800e-02
   3.113113e+00	   9.640607e-02
   3.118118e+00	   9.611544e-02
   3.123123e+00	   9.582610e-02
   3.128128e+00	   9.553805e-02
   3.133133e+00	   9.525128e-02
   3.138138e+00	   9.496578e-02
   3.143143e+00	   9.468154e-02
   3.148148e+00	   9.439855e-02
   3.153153e+00	   9.411682e-02
   3.158158e+00	   9.383632e-02
   3.163163e+00	   9.355706e-02
   3.168168e+00	   9.327903e-02
   3.173173e+00	   9.300222e-02
   3.178178e+00	   9.272661e-02
   3.183183e+00	   9.245222e-02
   3.188188e+00	   9.217902e-02
   3.193193e+00	   9.190702e-02
   3.198198e+00	   9.163619e-02
   3.203203e+00	   9.136655e-02
   3.208208e+00	   9.109808e-02
   3.213213e+00	   9.083077e-02
   3.218218e+00	   9.056463e-02
   3.223223e+00	   9.029963e-02
   3.228228e+00	   9.003578e-02
   3.233233e+00	   8.977306e-02
   3.238238e+00	   8.951148e-02
   3.243243e+00	   8.925103e-02
   3.248248e+00	   8.899169e-02
   3.253253e+00	   8.873347e-02
   3.258258e+00	   8.847635e-02
   3.263263e+00	   8.822033e-02
   3.268268e+00	   8.796541e-02
   3.273273e+00	   8.771157e-02
   3.278278e+00	   8.745882e-02
   3.283283e+00	   8.720714e-02
   3.288288e+00	   8.695653e-02
   3.293293e+00	   8.670699e-02
   3.298298e+00	   8.645850e-02
   3.303303e+00	   8.621107e-02
   3.308308e+00	   8.596468e-02
   3.313313e+00	   8.571933e-02
   3.318318e+00	   8.547502e-02
   3.323323e+00	   8.523173e-02
   3.328328e+00	   8.498947e-02
   3.333333e+00	   8.474822e-02
   3.338338e+00	   8.450799e-02
   3.343343e+00	   8.426876e-02
   3.348348e+00	   8.403054e-02
   3.353353e+00	   8.379330e-02
   3.358358e+00	   8.355706e-02
   3.363363e+00	   8.332180e-02
   3.368368e+00	   8.308752e-02
   3.373373e+00	   8.285422e-02
   3.378378e+00	   8.262188e-02
   3.383383e+00	   8.239051e-02
   3.388388e+00	   8.216009e-02
   3.393393e+00	   8.193062e-02
   3.398398e+00	   8.170211e-02
   3.403403e+00	   8.147453e-02
   3.408408e+00	   8.124789e-02
   3.413413e+00	   8.102218e-02
   3.418418e+00	   8.079740e-02
   3.423423e+00	   8.057354e-02
   3.428428e+00	   8.035060e-02
   3.433433e+00	   8.012857e-02
   3.438438e+00	   7.990745e-02
   3.443443e+00	   7.968723e-02
   3.448448e+00	   7.946790e-02
   3.453453e+00	   7.924947e-02
   3.458458e+00	   7.903192e-02
   3.463463e+00	   7.881526e-02
   3.468468e+00	   7.859948e-02
   3.473473e+00	   7.838457e-02
   3.478478e+00	   7.817053e-02
   3.483483e+00	   7.795735e-02
   3.488488e+00	   7.774503e-02
   3.493493e+00	   7.753357e-02
   3.498498e+00	   7.732296e-02
   3.503504e+00	   7.711319e-02
   3.508509e+00	   7.690427e-02
   3.513514e+00	   7.669618e-02
   3.518519e+00	   7.648892e-02
   3.523524e+00	   7.628250e-02
   3.528529e+00	   7.607689e-02
   3.533534e+00	   7.587211e-02
   3.538539e+00	   7.566814e-02
   3.543544e+00	   7.546498e-02
   3.548549e+00	   7.526263e-02
   3.553554e+00	   7.506109e-02
   3.558559e+00	   7.486034e-02
   3.563564e+00	   7.466038e-02
   3.568569e+00	   7.446121e-02
   3.573574e+00	   7.426283e-02
   3.578579e+00	   7.406524e-02
   3.583584e+00	   7.386841e-02
   3.588589e+00	   7.367237e-02
   3.593594e+00	   7.347709e-02
   3.598599e+00	   7.328258e-02
   3.603604e+00	   7.308883e-02
   3.608609e+00	   7.289584e-02
   3.613614e+00	   7.270360e-02
   3.618619e+00	   7.251211e-02
   3.623624e+00	   7.232137e-02
   3.628629e+00	   7.213137e-02
   3.633634e+00	   7.194211e-02
   3.638639e+00	   7.175358e-02
   3.643644e+00	   7.156579e-02
   3.648649e+00	   7.137872e-02
   3.653654e+00	   7.119237e-02
   3.658659e+00	   7.100675e-02
   3.663664e+00	   7.082184e-02
   3.668669e+00	   7.063765e-02
   3.673674e+00	   7.045416e-02
   3.678679e+00	   7.027138e-02
   3.683684e+00	   7.008930e-02
   3.688689e+00	   6.990792e-02
   3.693694e+00	   6.972723e-02
   3.698699e+00	   6.954723e-02
   3.703704e+00	   6.936793e-02
   3.708709e+00	   6.918930e-02
   3.713714e+00	   6.901136e-02
   3.718719e+00	   6.883409e-02
   3.723724e+00	   6.865750e-02
   3.728729e+00	   6.848158e-02
   3.733734e+00	   6.830633e-02
   3.738739e+00	   6.813174e-02
   3.743744e+00	   6.795781e-02
   3.748749e+00	   6.778453e-02
   3.753754e+00	   6.761192e-02
   3.758759e+00	   6.743995e-02
   3.763764e+00	   6.726863e-02
   3.768769e+00	   6.709795e-02
   3.773774e+00	   6.692792e-02
   3.778779e+00	   6.675852e-02
   3.783784e+00	   6.658976e-02
   3.788789e+00	   6.642163e-02
   3.793794e+00	   6.625413e-02
   3.798799e+00	   6.608725e-02
   3.803804e+00	   6.592100e-02
   3.808809e+00	   6.575537e-02
   3.813814e+00	   6.559035e-02
   3.818819e+00	   6.542594e-02
   3.823824e+00	   6.526215e-02
   3.828829e+00	   6.509896e-02
   3.833834e+00	   6.493638e-02
   3.838839e+00	   6.477440e-02
   3.843844e+00	   6.461301e-02
   3.848849e+00	   6.445223e-02
   3.853854e+00	   6.429203e-02
   3.858859e+00	   6.413242e-02
   3.863864e+00	   6.397341e-02
   3.868869e+00	   6.381497e-02
   3.873874e+00	   6.365712e-02
   3.878879e+00	   6.349984e-02
   3.883884e+00	   6.334314e-02
   3.888889e+00	   6.318701e-02
   3.893894e+00	   6.303146e-02
   3.898899e+00	   6.287647e-02
   3.903904e+00	   6.272204e-02
   3.908909e+00	   6.256818e-02
   3.913914e+00	   6.241488e-02
   3.918919e+00	   6.226213e-02
   3.923924e+00	   6.210993e-02
   3.928929e+00	   6.195829e-02
   3.933934e+00	   6.180720e-02
   3.938939e+00	   6.165665e-02
   3.943944e+00	   6.150664e-02
   3.948949e+00	   6.135718e-02
   3.953954e+00	   6.120825e-02
   3.958959e+00	   6.105986e-02
   3.963964e+00	   6.091200e-02
   3.968969e+00	   6.076468e-02
   3.973974e+00	   6.061788e-02
   3.978979e+00	   6.047161e-02
   3.983984e+00	   6.032585e-02
   3.988989e+00	   6.018062e-02
   3.993994e+00	   6.003591e-02
   3.998999e+00	   5.989172e-02
   4.004004e+00	   5.974803e-02
   4.009009e+00	   5.960486e-02
   4.014014e+00	   5.946220e-02
   4.019019e+00	   5.932004e-02
   4.024024e+00	   5.917839e-02
   4.029029e+00	   5.903723e-02
   4.034034e+00	   5.889658e-02
   4.039039e+00	   5.875642e-02
   4.044044e+00	   5.861676e-02
   4.049049e+00	   5.847759e-02
   4.054054e+00	   5.833891e-02
   4.059059e+00	   5.820072e-02
   4.064064e+00	   5.806301e-02
   4.069069e+00	   5.792578e-02
   4.074074e+00	   5.778904e-02
   4.079079e+00	   5.765277e-02
   4.084084e+00	   5.751698e-02
   4.089089e+00	   5.738167e-02
   4.094094e+00	   5.724683e-02
   4.099099e+00	   5.711245e-02
   4.104104e+00	   5.697855e-02
   4.109109e+00	   5.684511e-02
   4.114114e+00	   5.671213e-02
   4.119119e+00	   5.657961e-02
   4.124124e+00	   5.644756e-02
   4.129129e+00	   5.631596e-02
   4.134134e+00	   5.618481e-02
   4.139139e+00	   5.605412e-02
   4.144144e+00	   5.592388e-02
   4.149149e+00	   5.579408e-02
   4.154154e+00	   5.566474e-02
   4.159159e+00	   5.553584e-02
   4.164164e+00	   5.540738e-02
   4.169169e+00	   5.527936e-02
   4.174174e+00	   5.515178e-02
   4.179179e+00	   5.502464e-02
   4.184184e+00	   5.489793e-02
   4.189189e+00	   5.477165e-02
   4.194194e+00	   5.464581e-02
   4.199199e+00	   5.452039e-02
   4.204204e+00	   5.439540e-02
   4.209209e+00	   5.427084e-02
   4.214214e+00	   5.414670e-02
   4.219219e+00	   5.402298e-02
   4.224224e+00	   5.389968e-02
   4.229229e+00	   5.377679e-02
   4.234234e+00	   5.365433e-02
   4.239239e+00	   5.353227e-02
   4.244244e+00	   5.341063e-02
   4.249249e+00	   5.328940e-02
   4.254254e+00	   5.316858e-02
   4.259259e+00	   5.304816e-02
   4.264264e+00	   5.292814e-02
   4.269269e+00	   5.280853e-02
   4.274274e+00	   5.268932e-02
   4.279279e+00	   5.257051e-02
   4.284284e+00	   5.245210e-02
   4.289289e+00	   5.233409e-02
   4.294294e+00	   5.221646e-02
   4.299299e+00	   5.209923e-02
   4.304304e+00	   5.198239e-02
   4.309309e+00	   5.186594e-02
   4.314314e+00	   5.174988e-02
   4.319319e+00	   5.163420e-02
   4.324324e+00	   5.151890e-02
   4.329329e+00	   5.140399e-02
   4.334334e+00	   5.128945e-02
   4.339339e+00	   5.117530e-02
   4.344344e+00	   5.106152e-02
   4.349349e+00	   5.094812e-02
   4.354354e+00	   5.083509e-02
   4.359359e+00	   5.072244e-02
   4.364364e+00	   5.061015e-02
   4.369369e+00	   5.049823e-02
   4.374374e+00	   5.038668e-02
   4.379379e+00	   5.027550e-02
   4.384384e+00	   5.016468e-02
   4.389389e+00	   5.005422e-02
   4.394394e+00	   4.994413e-02
   4.399399e+00	   4.983439e-02
   4.404404e+00	   4.972501e-02
   4.409409e+00	   4.961599e-02
   4.414414e+00	   4.950732e-02
   4.419419e+00	   4.939900e-02
   4.424424e+00	   4.929104e-02
   4.429429e+00	   4.918343e-02
   4.434434e+00	   4.907616e-02
   4.439439e+00	   4.896925e-02
   4.444444e+00	   4.886267e-02
   4.449449e+00	   4.875645e-02
   4.454454e+00	   4.865056e-02
   4.459459e+00	   4.854502e-02
   4.464464e+00	   4.843982e-02
   4.469469e+00	   4.833495e-02
   4.474474e+00	   4.823043e-02
   4.479479e+00	   4.812623e-02
   4.484484e+00	   4.802238e-02
   4.489489e+00	   4.791885e-02
   4.494494e+00	   4.781566e-02
   4.499499e+00	   4.771279e-02
   4.504505e+00	   4.761026e-02
   4.509510e+00	   4.750805e-02
   4.514515e+00	   4.740617e-02
   4.519520e+00	   4.730461e-02
   4.524525e+00	   4.720337e-02
   4.529530e+00	   4.710246e-02
   4.534535e+00	   4.700187e-02
   4.539540e+00	   4.690159e-02
   4.544545e+00	   4.680164e-02
   4.549550e+00	   4.670200e-02
   4.554555e+00	   4.660267e-02
   4.559560e+00	   4.650366e-02
   4.564565e+00	   4.640496e-02
   4.569570e+00	   4.630657e-02
   4.574575e+00	   4.620850e-02
   4.579580e+00	   4.611073e-02
   4.584585e+00	   4.601326e-02
   4.589590e+00	   4.591611e-02
   4.594595e+00	   4.581926e-02
   4.599600e+00	   4.572271e-02
   4.604605e+00	   4.562646e-02
   4.609610e+00	   4.553052e-02
   4.614615e+00	   4.543487e-02
   4.619620e+00	   4.533952e-02
   4.624625e+00	   4.524447e-02
   4.629630e+00	   4.514972e-02
   4.634635e+00	   4.505526e-02
   4.639640e+00	   4.496109e-02
   4.644645e+00	   4.486722e-02
   4.649650e+00	   4.477364e-02
   4.654655e+00	   4.468034e-02
   4.659660e+00	   4.458734e-02
   4.664665e+00	   4.449462e-02
   4.669670e+00	   4.440219e-02
   4.674675e+00	   4.431005e-02
   4.679680e+00	   4.421819e-02
   4.684685e+00	   4.412661e-02
   4.689690e+00	   4.403531e-02
   4.694695e+00	   4.394430e-02
   4.699700e+00	   4.385356e-02
   4.704705e+00	   4.376310e-02
   4.709710e+00	   4.367292e-02
   4.714715e+00	   4.358302e-02
   4.719720e+00	   4.349339e-02
   4.724725e+00	   4.340403e-02
   4.729730e+00	   4.331495e-02
   4.734735e+00	   4.322614e-02
   4.739740e+00	   4.313760e-02
   4.744745e+00	   4.304933e-02
   4.749750e+00	   4.296132e-02
   4.754755e+00	   4.287359e-02
   4.759760e+00	   4.278612e-02
   4.764765e+00	   4.269891e-02
   4.769770e+00	   4.261197e-02
   4.774775e+00	   4.252530e-02
   4.779780e+00	   4.243888e-02
   4.784785e+00	   4.235273e-02
   4.789790e+00	   4.226683e-02
   4.794795e+00	   4.218120e-02
   4.799800e+00	   4.209582e-02
   4.804805e+00	   4.201070e-02
   4.809810e+00	   4.192583e-02
   4.814815e+00	   4.184122e-02
   4.819820e+00	   4.175687e-02
   4.824825e+00	   4.167276e-02
   4.829830e+00	   4.158891e-02
   4.834835e+00	   4.150531e-02
   4.839840e+00	   4.142196e-02
   4.844845e+00	   4.133885e-02
   4.849850e+00	   4.125600e-02
   4.854855e+00	   4.117339e-02
   4.859860e+00	   4.109103e-02
   4.864865e+00	   4.100891e-02
   4.869870e+00	   4.092704e-02
   4.874875e+00	   4.084541e-02
   4.879880e+00	   4.076402e-02
   4.884885e+00	   4.068287e-02
   4.889890e+00	   4.060196e-02
   4.894895e+00	   4.052129e-02
   4.899900e+00	   4.044086e-02
   4.904905e+00	   4.036067e-02
   4.909910e+00	   4.028071e-02
   4.914915e+00	   4.020099e-02
   4.919920e+00	   4.012151e-02
   4.924925e+00	   4.004225e-02
   4.929930e+00	   3.996323e-02
   4.934935e+00	   3.988445e-02
   4.939940e+00	   3.980589e-02
   4.944945e+00	   3.972756e-02
   4.949950e+00	   3.964946e-02
   4.954955e+00	   3.957159e-02
   4.959960e+00	   3.949395e-02
   4.964965e+00	   3.941653e-02
   4.969970e+00	   3.933934e-02
   4.974975e+00	   3.926238e-02
   4.979980e+00	   3.918563e-02
   4.984985e+00	   3.910912e-02
   4.989990e+00	   3.903282e-02
   4.994995e+00	   3.895674e-02
   5.000000e+00	   3.888089e-02
