   0.000000e+00	            nan
   1.201201e-02	   2.345730e+01
   2.402402e-02	   1.171414e+01
   3.603604e-02	   7.799219e+00
   4.804805e-02	   5.841404e+00
   6.006006e-02	   4.666455e+00
   7.207207e-02	   3.882955e+00
   8.408408e-02	   3.323151e+00
   9.609610e-02	   2.903165e+00
   1.081081e-01	   2.576397e+00
   1.201201e-01	   2.314887e+00
   1.321321e-01	   2.100841e+00
   1.441441e-01	   1.922396e+00
   1.561562e-01	   1.771339e+00
   1.681682e-01	   1.641804e+00
   1.801802e-01	   1.529489e+00
   1.921922e-01	   1.431166e+00
   2.042042e-01	   1.344368e+00
   2.162162e-01	   1.267175e+00
   2.282282e-01	   1.198072e+00
   2.402402e-01	   1.135846e+00
   2.522523e-01	   1.079516e+00
   2.642643e-01	   1.028279e+00
   2.762763e-01	   9.814707e-01
   2.882883e-01	   9.385391e-01
   3.003003e-01	   8.990192e-01
   3.123123e-01	   8.625180e-01
   3.243243e-01	   8.287006e-01
   3.363363e-01	   7.972800e-01
   3.483483e-01	   7.680087e-01
   3.603604e-01	   7.406722e-01
   3.723724e-01	   7.150836e-01
   3.843844e-01	   6.910794e-01
   3.963964e-01	   6.685160e-01
   4.084084e-01	   6.472665e-01
   4.204204e-01	   6.272186e-01
   4.324324e-01	   6.082724e-01
   4.444444e-01	   5.903389e-01
   4.564565e-01	   5.733383e-01
   4.684685e-01	   5.571992e-01
   4.804805e-01	   5.418572e-01
   4.924925e-01	   5.272540e-01
   5.045045e-01	   5.133372e-01
   5.165165e-01	   5.000590e-01
   5.285285e-01	   4.873760e-01
   5.405405e-01	   4.752488e-01
   5.525526e-01	   4.636412e-01
   5.645646e-01	   4.525203e-01
   5.765766e-01	   4.418556e-01
   5.885886e-01	   4.316195e-01
   6.006006e-01	   4.217864e-01
   6.126126e-01	   4.123326e-01
   6.246246e-01	   4.032363e-01
   6.366366e-01	   3.944776e-01
   6.486486e-01	   3.860376e-01
   6.606607e-01	   3.778991e-01
   6.726727e-01	   3.700460e-01
   6.846847e-01	   3.624635e-01
   6.966967e-01	   3.551376e-01
   7.087087e-01	   3.480553e-01
   7.207207e-01	   3.412045e-01
   7.327327e-01	   3.345739e-01
   7.447447e-01	   3.281529e-01
   7.567568e-01	   3.219317e-01
   7.687688e-01	   3.159008e-01
   7.807808e-01	   3.100517e-01
   7.927928e-01	   3.043760e-01
   8.048048e-01	   2.988661e-01
   8.168168e-01	   2.935146e-01
   8.288288e-01	   2.883149e-01
   8.408408e-01	   2.832603e-01
   8.528529e-01	   2.783449e-01
   8.648649e-01	   2.735628e-01
   8.768769e-01	   2.689087e-01
   8.888889e-01	   2.643774e-01
   9.009009e-01	   2.599639e-01
   9.129129e-01	   2.556638e-01
   9.249249e-01	   2.514726e-01
   9.369369e-01	   2.473861e-01
   9.489489e-01	   2.434005e-01
   9.609610e-01	   2.395119e-01
   9.729730e-01	   2.357168e-01
   9.849850e-01	   2.320119e-01
   9.969970e-01	   2.283938e-01
   1.009009e+00	   2.248595e-01
   1.021021e+00	   2.214061e-01
   1.033033e+00	   2.180307e-01
   1.045045e+00	   2.147308e-01
   1.057057e+00	   2.115037e-01
   1.069069e+00	   2.083471e-01
   1.081081e+00	   2.052585e-01
   1.093093e+00	   2.022358e-01
   1.105105e+00	   1.992768e-01
   1.117117e+00	   1.963796e-01
   1.129129e+00	   1.935421e-01
   1.141141e+00	   1.907625e-01
   1.153153e+00	   1.880390e-01
   1.165165e+00	   1.853698e-01
   1.177177e+00	   1.827534e-01
   1.189189e+00	   1.801880e-01
   1.201201e+00	   1.776723e-01
   1.213213e+00	   1.752048e-01
   1.225225e+00	   1.727840e-01
   1.237237e+00	   1.704086e-01
   1.249249e+00	   1.680773e-01
   1.261261e+00	   1.657889e-01
   1.273273e+00	   1.635421e-01
   1.285285e+00	   1.613358e-01
   1.297297e+00	   1.591688e-01
   1.309309e+00	   1.570402e-01
   1.321321e+00	   1.549488e-01
   1.333333e+00	   1.528937e-01
   1.345345e+00	   1.508739e-01
   1.357357e+00	   1.488885e-01
   1.369369e+00	   1.469365e-01
   1.381381e+00	   1.450171e-01
   1.393393e+00	   1.431295e-01
   1.405405e+00	   1.412729e-01
   1.417417e+00	   1.394464e-01
   1.429429e+00	   1.376494e-01
   1.441441e+00	   1.358810e-01
   1.453453e+00	   1.341407e-01
   1.465465e+00	   1.324276e-01
   1.477477e+00	   1.307412e-01
   1.489489e+00	   1.290807e-01
   1.501502e+00	   1.274456e-01
   1.513514e+00	   1.258354e-01
   1.525526e+00	   1.242493e-01
   1.537538e+00	   1.226868e-01
   1.549550e+00	   1.211474e-01
   1.561562e+00	   1.196305e-01
   1.573574e+00	   1.181357e-01
   1.585586e+00	   1.166624e-01
   1.597598e+00	   1.152102e-01
   1.609610e+00	   1.137786e-01
   1.621622e+00	   1.123671e-01
   1.633634e+00	   1.109752e-01
   1.645646e+00	   1.096026e-01
   1.657658e+00	   1.082489e-01
   1.669670e+00	   1.069135e-01
   1.681682e+00	   1.055962e-01
   1.693694e+00	   1.042966e-01
   1.705706e+00	   1.030142e-01
   1.717718e+00	   1.017488e-01
   1.729730e+00	   1.004999e-01
   1.741742e+00	   9.926718e-02
   1.753754e+00	   9.805038e-02
   1.765766e+00	   9.684913e-02
   1.777778e+00	   9.566313e-02
   1.789790e+00	   9.449205e-02
   1.801802e+00	   9.333562e-02
   1.813814e+00	   9.219352e-02
   1.825826e+00	   9.106548e-02
   1.837838e+00	   8.995121e-02
   1.849850e+00	   8.885046e-02
   1.861862e+00	   8.776295e-02
   1.873874e+00	   8.668843e-02
   1.885886e+00	   8.562665e-02
   1.897898e+00	   8.457736e-02
   1.909910e+00	   8.354033e-02
   1.921922e+00	   8.251533e-02
   1.933934e+00	   8.150212e-02
   1.945946e+00	   8.050048e-02
   1.957958e+00	   7.951021e-02
   1.969970e+00	   7.853109e-02
   1.981982e+00	   7.756291e-02
   1.993994e+00	   7.660548e-02
   2.006006e+00	   7.565859e-02
   2.018018e+00	   7.472206e-02
   2.030030e+00	   7.379570e-02
   2.042042e+00	   7.287932e-02
   2.054054e+00	   7.197276e-02
   2.066066e+00	   7.107583e-02
   2.078078e+00	   7.018836e-02
   2.090090e+00	   6.931018e-02
   2.102102e+00	   6.844114e-02
   2.114114e+00	   6.758108e-02
   2.126126e+00	   6.672983e-02
   2.138138e+00	   6.588725e-02
   2.150150e+00	   6.505319e-02
   2.162162e+00	   6.422749e-02
   2.174174e+00	   6.341003e-02
   2.186186e+00	   6.260065e-02
   2.198198e+00	   6.179923e-02
   2.210210e+00	   6.100562e-02
   2.222222e+00	   6.021970e-02
   2.234234e+00	   5.944134e-02
   2.246246e+00	   5.867042e-02
   2.258258e+00	   5.790680e-02
   2.270270e+00	   5.715037e-02
   2.282282e+00	   5.640102e-02
   2.294294e+00	   5.565862e-02
   2.306306e+00	   5.492307e-02
   2.318318e+00	   5.419425e-02
   2.330330e+00	   5.347205e-02
   2.342342e+00	   5.275637e-02
   2.354354e+00	   5.204710e-02
   2.366366e+00	   5.134414e-02
   2.378378e+00	   5.064739e-02
   2.390390e+00	   4.995676e-02
   2.402402e+00	   4.927213e-02
   2.414414e+00	   4.859343e-02
   2.426426e+00	   4.792056e-02
   2.438438e+00	   4.725342e-02
   2.450450e+00	   4.659193e-02
   2.462462e+00	   4.593599e-02
   2.474474e+00	   4.528554e-02
   2.486486e+00	   4.464047e-02
   2.498498e+00	   4.400070e-02
   2.510511e+00	   4.336616e-02
   2.522523e+00	   4.273676e-02
   2.534535e+00	   4.211244e-02
   2.546547e+00	   4.149309e-02
   2.558559e+00	   4.087867e-02
   2.570571e+00	   4.026908e-02
   2.582583e+00	   3.966426e-02
   2.594595e+00	   3.906413e-02
   2.606607e+00	   3.846863e-02
   2.618619e+00	   3.787769e-02
   2.630631e+00	   3.729123e-02
   2.642643e+00	   3.670919e-02
   2.654655e+00	   3.613151e-02
   2.666667e+00	   3.555812e-02
   2.678679e+00	   3.498895e-02
   2.690691e+00	   3.442396e-02
   2.702703e+00	   3.386306e-02
   2.714715e+00	   3.330621e-02
   2.726727e+00	   3.275334e-02
   2.738739e+00	   3.220440e-02
   2.750751e+00	   3.165933e-02
   2.762763e+00	   3.111807e-02
   2.774775e+00	   3.058057e-02
   2.786787e+00	   3.004678e-02
   2.798799e+00	   2.951663e-02
   2.810811e+00	   2.899008e-02
   2.822823e+00	   2.846708e-02
   2.834835e+00	   2.794757e-02
   2.846847e+00	   2.743150e-02
   2.858859e+00	   2.691883e-02
   2.870871e+00	   2.640950e-02
   2.882883e+00	   2.590347e-02
   2.894895e+00	   2.540069e-02
   2.906907e+00	   2.490112e-02
   2.918919e+00	   2.440471e-02
   2.930931e+00	   2.391140e-02
   2.942943e+00	   2.342117e-02
   2.954955e+00	   2.293397e-02
   2.966967e+00	   2.244975e-02
   2.978979e+00	   2.196847e-02
   2.990991e+00	   2.149008e-02
   3.003003e+00	   2.101456e-02
   3.015015e+00	   2.054185e-02
   3.027027e+00	   2.007192e-02
   3.039039e+00	   1.960473e-02
   3.051051e+00	   1.914024e-02
   3.063063e+00	   1.867841e-02
   3.075075e+00	   1.821920e-02
   3.087087e+00	   1.776259e-02
   3.099099e+00	   1.730852e-02
   3.111111e+00	   1.685696e-02
   3.123123e+00	   1.640789e-02
   3.135135e+00	   1.596126e-02
   3.147147e+00	   1.551703e-02
   3.159159e+00	   1.507519e-02
   3.171171e+00	   1.463568e-02
   3.183183e+00	   1.419848e-02
   3.195195e+00	   1.376356e-02
   3.207207e+00	   1.333089e-02
   3.219219e+00	   1.290042e-02
   3.231231e+00	   1.247214e-02
   3.243243e+00	   1.204600e-02
   3.255255e+00	   1.162199e-02
   3.267267e+00	   1.120006e-02
   3.279279e+00	   1.078019e-02
   3.291291e+00	   1.036236e-02
   3.303303e+00	   9.946519e-03
   3.315315e+00	   9.532655e-03
   3.327327e+00	   9.120735e-03
   3.339339e+00	   8.710731e-03
   3.351351e+00	   8.302617e-03
   3.363363e+00	   7.896364e-03
   3.375375e+00	   7.491946e-03
   3.387387e+00	   7.089336e-03
   3.399399e+00	   6.688508e-03
   3.411411e+00	   6.289437e-03
   3.423423e+00	   5.892097e-03
   3.435435e+00	   5.496462e-03
   3.447447e+00	   5.102508e-03
   3.459459e+00	   4.710211e-03
   3.471471e+00	   4.319545e-03
   3.483483e+00	   3.930487e-03
   3.495495e+00	   3.543013e-03
   3.507508e+00	   3.157099e-03
   3.519520e+00	   2.772723e-03
   3.531532e+00	   2.389862e-03
   3.543544e+00	   2.008492e-03
   3.555556e+00	   1.628592e-03
   3.567568e+00	   1.250139e-03
   3.579580e+00	   8.731110e-04
   3.591592e+00	   4.974871e-04
   3.603604e+00	   1.232455e-04
   3.615616e+00	  -2.496349e-04
   3.627628e+00	  -6.211751e-04
   3.639640e+00	  -9.913958e-04
   3.651652e+00	  -1.360317e-03
   3.663664e+00	  -1.727960e-03
   3.675676e+00	  -2.094345e-03
   3.687688e+00	  -2.459490e-03
   3.699700e+00	  -2.823416e-03
   3.711712e+00	  -3.186143e-03
   3.723724e+00	  -3.547689e-03
   3.735736e+00	  -3.908073e-03
   3.747748e+00	  -4.267315e-03
   3.759760e+00	  -4.625432e-03
   3.771772e+00	  -4.982444e-03
   3.783784e+00	  -5.338369e-03
   3.795796e+00	  -5.693224e-03
   3.807808e+00	  -6.047029e-03
   3.819820e+00	  -6.399799e-03
   3.831832e+00	  -6.751554e-03
   3.843844e+00	  -7.102310e-03
   3.855856e+00	  -7.452084e-03
   3.867868e+00	  -7.800894e-03
   3.879880e+00	  -8.148757e-03
   3.891892e+00	  -8.495689e-03
   3.903904e+00	  -8.841707e-03
   3.915916e+00	  -9.186828e-03
   3.927928e+00	  -9.531067e-03
   3.939940e+00	  -9.874441e-03
   3.951952e+00	  -1.021697e-02
   3.963964e+00	  -1.055866e-02
   3.975976e+00	  -1.089953e-02
   3.987988e+00	  -1.123960e-02
   4.000000e+00	  -1.157889e-02
   4.012012e+00	  -1.191740e-02
   4.024024e+00	  -1.225516e-02
   4.036036e+00	  -1.259218e-02
   4.048048e+00	  -1.292847e-02
   4.060060e+00	  -1.326405e-02
   4.072072e+00	  -1.359893e-02
   4.084084e+00	  -1.393314e-02
   4.096096e+00	  -1.426667e-02
   4.108108e+00	  -1.459955e-02
   4.120120e+00	  -1.493179e-02
   4.132132e+00	  -1.526341e-02
   4.144144e+00	  -1.559442e-02
   4.156156e+00	  -1.592483e-02
   4.168168e+00	  -1.625466e-02
   4.180180e+00	  -1.658392e-02
   4.192192e+00	  -1.691262e-02
   4.204204e+00	  -1.724078e-02
   4.216216e+00	  -1.756841e-02
   4.228228e+00	  -1.789553e-02
   4.240240e+00	  -1.822215e-02
   4.252252e+00	  -1.854827e-02
   4.264264e+00	  -1.887392e-02
   4.276276e+00	  -1.919911e-02
   4.288288e+00	  -1.952385e-02
   4.300300e+00	  -1.984815e-02
   4.312312e+00	  -2.017202e-02
   4.324324e+00	  -2.049549e-02
   4.336336e+00	  -2.081855e-02
   4.348348e+00	  -2.114123e-02
   4.360360e+00	  -2.146353e-02
   4.372372e+00	  -2.178547e-02
   4.384384e+00	  -2.210706e-02
   4.396396e+00	  -2.242832e-02
   4.408408e+00	  -2.274925e-02
   4.420420e+00	  -2.306986e-02
   4.432432e+00	  -2.339017e-02
   4.444444e+00	  -2.371020e-02
   4.456456e+00	  -2.402994e-02
   4.468468e+00	  -2.434942e-02
   4.480480e+00	  -2.466865e-02
   4.492492e+00	  -2.498763e-02
   4.504505e+00	  -2.530638e-02
   4.516517e+00	  -2.562492e-02
   4.528529e+00	  -2.594324e-02
   4.540541e+00	  -2.626137e-02
   4.552553e+00	  -2.657931e-02
   4.564565e+00	  -2.689708e-02
   4.576577e+00	  -2.721469e-02
   4.588589e+00	  -2.753214e-02
   4.600601e+00	  -2.784946e-02
   4.612613e+00	  -2.816664e-02
   4.624625e+00	  -2.848371e-02
   4.636637e+00	  -2.880067e-02
   4.648649e+00	  -2.911754e-02
   4.660661e+00	  -2.943432e-02
   4.672673e+00	  -2.975103e-02
   4.684685e+00	  -3.006767e-02
   4.696697e+00	  -3.038426e-02
   4.708709e+00	  -3.070081e-02
   4.720721e+00	  -3.101733e-02
   4.732733e+00	  -3.133383e-02
   4.744745e+00	  -3.165032e-02
   4.756757e+00	  -3.196681e-02
   4.768769e+00	  -3.228331e-02
   4.780781e+00	  -3.259983e-02
   4.792793e+00	  -3.291639e-02
   4.804805e+00	  -3.323299e-02
   4.816817e+00	  -3.354965e-02
   4.828829e+00	  -3.386637e-02
   4.840841e+00	  -3.418316e-02
   4.852853e+00	  -3.450004e-02
   4.864865e+00	  -3.481702e-02
   4.876877e+00	  -3.513410e-02
   4.888889e+00	  -3.545130e-02
   4.900901e+00	  -3.576862e-02
   4.912913e+00	  -3.608608e-02
   4.924925e+00	  -3.640369e-02
   4.936937e+00	  -3.672146e-02
   4.948949e+00	  -3.703939e-02
   4.960961e+00	  -3.735751e-02
   4.972973e+00	  -3.767581e-02
   4.984985e+00	  -3.799431e-02
   4.996997e+00	  -3.831301e-02
   5.009009e+00	  -3.863194e-02
   5.021021e+00	  -3.895110e-02
   5.033033e+00	  -3.927049e-02
   5.045045e+00	  -3.959014e-02
   5.057057e+00	  -3.991004e-02
   5.069069e+00	  -4.023021e-02
   5.081081e+00	  -4.055066e-02
   5.093093e+00	  -4.087140e-02
   5.105105e+00	  -4.119244e-02
   5.117117e+00	  -4.151380e-02
   5.129129e+00	  -4.183547e-02
   5.141141e+00	  -4.215747e-02
   5.153153e+00	  -4.247981e-02
   5.165165e+00	  -4.280250e-02
   5.177177e+00	  -4.312555e-02
   5.189189e+00	  -4.344897e-02
   5.201201e+00	  -4.377277e-02
   5.213213e+00	  -4.409696e-02
   5.225225e+00	  -4.442155e-02
   5.237237e+00	  -4.474655e-02
   5.249249e+00	  -4.507197e-02
   5.261261e+00	  -4.539783e-02
   5.273273e+00	  -4.572412e-02
   5.285285e+00	  -4.605086e-02
   5.297297e+00	  -4.637807e-02
   5.309309e+00	  -4.670574e-02
   5.321321e+00	  -4.703390e-02
   5.333333e+00	  -4.736255e-02
   5.345345e+00	  -4.769170e-02
   5.357357e+00	  -4.802136e-02
   5.369369e+00	  -4.835154e-02
   5.381381e+00	  -4.868225e-02
   5.393393e+00	  -4.901351e-02
   5.405405e+00	  -4.934532e-02
   5.417417e+00	  -4.967769e-02
   5.429429e+00	  -5.001063e-02
   5.441441e+00	  -5.034415e-02
   5.453453e+00	  -5.067827e-02
   5.465465e+00	  -5.101299e-02
   5.477477e+00	  -5.134833e-02
   5.489489e+00	  -5.168429e-02
   5.501502e+00	  -5.202088e-02
   5.513514e+00	  -5.235812e-02
   5.525526e+00	  -5.269601e-02
   5.537538e+00	  -5.303457e-02
   5.549550e+00	  -5.337381e-02
   5.561562e+00	  -5.371373e-02
   5.573574e+00	  -5.405434e-02
   5.585586e+00	  -5.439567e-02
   5.597598e+00	  -5.473771e-02
   5.609610e+00	  -5.508048e-02
   5.621622e+00	  -5.542399e-02
   5.633634e+00	  -5.576825e-02
   5.645646e+00	  -5.611327e-02
   5.657658e+00	  -5.645906e-02
   5.669670e+00	  -5.680564e-02
   5.681682e+00	  -5.715300e-02
   5.693694e+00	  -5.750117e-02
   5.705706e+00	  -5.785015e-02
   5.717718e+00	  -5.819996e-02
   5.729730e+00	  -5.855060e-02
   5.741742e+00	  -5.890209e-02
   5.753754e+00	  -5.925444e-02
   5.765766e+00	  -5.960766e-02
   5.777778e+00	  -5.996175e-02
   5.789790e+00	  -6.031674e-02
   5.801802e+00	  -6.067263e-02
   5.813814e+00	  -6.102943e-02
   5.825826e+00	  -6.138716e-02
   5.837838e+00	  -6.174582e-02
   5.849850e+00	  -6.210543e-02
   5.861862e+00	  -6.246600e-02
   5.873874e+00	  -6.282753e-02
   5.885886e+00	  -6.319005e-02
   5.897898e+00	  -6.355356e-02
   5.909910e+00	  -6.391808e-02
   5.921922e+00	  -6.428361e-02
   5.933934e+00	  -6.465017e-02
   5.945946e+00	  -6.501777e-02
   5.957958e+00	  -6.538642e-02
   5.969970e+00	  -6.575613e-02
   5.981982e+00	  -6.612692e-02
   5.993994e+00	  -6.649879e-02
   6.006006e+00	  -6.687176e-02
   6.018018e+00	  -6.724585e-02
   6.030030e+00	  -6.762105e-02
   6.042042e+00	  -6.799740e-02
   6.054054e+00	  -6.837488e-02
   6.066066e+00	  -6.875353e-02
   6.078078e+00	  -6.913335e-02
   6.090090e+00	  -6.951436e-02
   6.102102e+00	  -6.989656e-02
   6.114114e+00	  -7.027997e-02
   6.126126e+00	  -7.066460e-02
   6.138138e+00	  -7.105047e-02
   6.150150e+00	  -7.143758e-02
   6.162162e+00	  -7.182596e-02
   6.174174e+00	  -7.221561e-02
   6.186186e+00	  -7.260654e-02
   6.198198e+00	  -7.299878e-02
   6.210210e+00	  -7.339232e-02
   6.222222e+00	  -7.378719e-02
   6.234234e+00	  -7.418340e-02
   6.246246e+00	  -7.458097e-02
   6.258258e+00	  -7.497990e-02
   6.270270e+00	  -7.538021e-02
   6.282282e+00	  -7.578191e-02
   6.294294e+00	  -7.618502e-02
   6.306306e+00	  -7.658954e-02
   6.318318e+00	  -7.699551e-02
   6.330330e+00	  -7.740292e-02
   6.342342e+00	  -7.781179e-02
   6.354354e+00	  -7.822214e-02
   6.366366e+00	  -7.863398e-02
   6.378378e+00	  -7.904733e-02
   6.390390e+00	  -7.946219e-02
   6.402402e+00	  -7.987859e-02
   6.414414e+00	  -8.029654e-02
   6.426426e+00	  -8.071605e-02
   6.438438e+00	  -8.113714e-02
   6.450450e+00	  -8.155982e-02
   6.462462e+00	  -8.198411e-02
   6.474474e+00	  -8.241002e-02
   6.486486e+00	  -8.283757e-02
   6.498498e+00	  -8.326677e-02
   6.510511e+00	  -8.369765e-02
   6.522523e+00	  -8.413021e-02
   6.534535e+00	  -8.456446e-02
   6.546547e+00	  -8.500044e-02
   6.558559e+00	  -8.543814e-02
   6.570571e+00	  -8.587760e-02
   6.582583e+00	  -8.631882e-02
   6.594595e+00	  -8.676181e-02
   6.606607e+00	  -8.720661e-02
   6.618619e+00	  -8.765322e-02
   6.630631e+00	  -8.810165e-02
   6.642643e+00	  -8.855194e-02
   6.654655e+00	  -8.900408e-02
   6.666667e+00	  -8.945811e-02
   6.678679e+00	  -8.991403e-02
   6.690691e+00	  -9.037187e-02
   6.702703e+00	  -9.083164e-02
   6.714715e+00	  -9.129336e-02
   6.726727e+00	  -9.175704e-02
   6.738739e+00	  -9.222272e-02
   6.750751e+00	  -9.269039e-02
   6.762763e+00	  -9.316008e-02
   6.774775e+00	  -9.363181e-02
   6.786787e+00	  -9.410560e-02
   6.798799e+00	  -9.458147e-02
   6.810811e+00	  -9.505943e-02
   6.822823e+00	  -9.553950e-02
   6.834835e+00	  -9.602170e-02
   6.846847e+00	  -9.650606e-02
   6.858859e+00	  -9.699258e-02
   6.870871e+00	  -9.748130e-02
   6.882883e+00	  -9.797222e-02
   6.894895e+00	  -9.846538e-02
   6.906907e+00	  -9.896078e-02
   6.918919e+00	  -9.945845e-02
   6.930931e+00	  -9.995841e-02
   6.942943e+00	  -1.004607e-01
   6.954955e+00	  -1.009653e-01
   6.966967e+00	  -1.014722e-01
   6.978979e+00	  -1.019816e-01
   6.990991e+00	  -1.024933e-01
   7.003003e+00	  -1.030074e-01
   7.015015e+00	  -1.035240e-01
   7.027027e+00	  -1.040430e-01
   7.039039e+00	  -1.045645e-01
   7.051051e+00	  -1.050885e-01
   7.063063e+00	  -1.056150e-01
   7.075075e+00	  -1.061441e-01
   7.087087e+00	  -1.066757e-01
   7.099099e+00	  -1.072100e-01
   7.111111e+00	  -1.077468e-01
   7.123123e+00	  -1.082863e-01
   7.135135e+00	  -1.088284e-01
   7.147147e+00	  -1.093733e-01
   7.159159e+00	  -1.099208e-01
   7.171171e+00	  -1.104711e-01
   7.183183e+00	  -1.110241e-01
   7.195195e+00	  -1.115799e-01
   7.207207e+00	  -1.121386e-01
   7.219219e+00	  -1.127000e-01
   7.231231e+00	  -1.132643e-01
   7.243243e+00	  -1.138315e-01
   7.255255e+00	  -1.144016e-01
   7.267267e+00	  -1.149746e-01
   7.279279e+00	  -1.155506e-01
   7.291291e+00	  -1.161296e-01
   7.303303e+00	  -1.167116e-01
   7.315315e+00	  -1.172966e-01
   7.327327e+00	  -1.178847e-01
   7.339339e+00	  -1.184759e-01
   7.351351e+00	  -1.190703e-01
   7.363363e+00	  -1.196677e-01
   7.375375e+00	  -1.202684e-01
   7.387387e+00	  -1.208722e-01
   7.399399e+00	  -1.214793e-01
   7.411411e+00	  -1.220897e-01
   7.423423e+00	  -1.227034e-01
   7.435435e+00	  -1.233203e-01
   7.447447e+00	  -1.239407e-01
   7.459459e+00	  -1.245644e-01
   7.471471e+00	  -1.251916e-01
   7.483483e+00	  -1.258221e-01
   7.495495e+00	  -1.264562e-01
   7.507508e+00	  -1.270938e-01
   7.519520e+00	  -1.277349e-01
   7.531532e+00	  -1.283796e-01
   7.543544e+00	  -1.290279e-01
   7.555556e+00	  -1.296799e-01
   7.567568e+00	  -1.303355e-01
   7.579580e+00	  -1.309948e-01
   7.591592e+00	  -1.316579e-01
   7.603604e+00	  -1.323247e-01
   7.615616e+00	  -1.329953e-01
   7.627628e+00	  -1.336698e-01
   7.639640e+00	  -1.343482e-01
   7.651652e+00	  -1.350305e-01
   7.663664e+00	  -1.357167e-01
   7.675676e+00	  -1.364070e-01
   7.687688e+00	  -1.371012e-01
   7.699700e+00	  -1.377996e-01
   7.711712e+00	  -1.385020e-01
   7.723724e+00	  -1.392085e-01
   7.735736e+00	  -1.399193e-01
   7.747748e+00	  -1.406342e-01
   7.759760e+00	  -1.413534e-01
   7.771772e+00	  -1.420769e-01
   7.783784e+00	  -1.428048e-01
   7.795796e+00	  -1.435370e-01
   7.807808e+00	  -1.442736e-01
   7.819820e+00	  -1.450147e-01
   7.831832e+00	  -1.457603e-01
   7.843844e+00	  -1.465105e-01
   7.855856e+00	  -1.472652e-01
   7.867868e+00	  -1.480245e-01
   7.879880e+00	  -1.487886e-01
   7.891892e+00	  -1.495573e-01
   7.903904e+00	  -1.503308e-01
   7.915916e+00	  -1.511092e-01
   7.927928e+00	  -1.518923e-01
   7.939940e+00	  -1.526804e-01
   7.951952e+00	  -1.534735e-01
   7.963964e+00	  -1.542715e-01
   7.975976e+00	  -1.550746e-01
   7.987988e+00	  -1.558827e-01
   8.000000e+00	  -1.566960e-01
   8.012012e+00	  -1.575145e-01
   8.024024e+00	  -1.583383e-01
   8.036036e+00	  -1.591673e-01
   8.048048e+00	  -1.600017e-01
   8.060060e+00	  -1.608415e-01
   8.072072e+00	  -1.616867e-01
   8.084084e+00	  -1.625375e-01
   8.096096e+00	  -1.633938e-01
   8.108108e+00	  -1.642557e-01
   8.120120e+00	  -1.651233e-01
   8.132132e+00	  -1.659966e-01
   8.144144e+00	  -1.668757e-01
   8.156156e+00	  -1.677606e-01
   8.168168e+00	  -1.686515e-01
   8.180180e+00	  -1.695483e-01
   8.192192e+00	  -1.704511e-01
   8.204204e+00	  -1.713600e-01
   8.216216e+00	  -1.722750e-01
   8.228228e+00	  -1.731962e-01
   8.240240e+00	  -1.741237e-01
   8.252252e+00	  -1.750575e-01
   8.264264e+00	  -1.759977e-01
   8.276276e+00	  -1.769444e-01
   8.288288e+00	  -1.778976e-01
   8.300300e+00	  -1.788574e-01
   8.312312e+00	  -1.798238e-01
   8.324324e+00	  -1.807969e-01
   8.336336e+00	  -1.817769e-01
   8.348348e+00	  -1.827637e-01
   8.360360e+00	  -1.837575e-01
   8.372372e+00	  -1.847582e-01
   8.384384e+00	  -1.857661e-01
   8.396396e+00	  -1.867811e-01
   8.408408e+00	  -1.878033e-01
   8.420420e+00	  -1.888328e-01
   8.432432e+00	  -1.898697e-01
   8.444444e+00	  -1.909141e-01
   8.456456e+00	  -1.919660e-01
   8.468468e+00	  -1.930255e-01
   8.480480e+00	  -1.940928e-01
   8.492492e+00	  -1.951678e-01
   8.504505e+00	  -1.962507e-01
   8.516517e+00	  -1.973415e-01
   8.528529e+00	  -1.984404e-01
   8.540541e+00	  -1.995474e-01
   8.552553e+00	  -2.006626e-01
   8.564565e+00	  -2.017861e-01
   8.576577e+00	  -2.029179e-01
   8.588589e+00	  -2.040583e-01
   8.600601e+00	  -2.052073e-01
   8.612613e+00	  -2.063649e-01
   8.624625e+00	  -2.075313e-01
   8.636637e+00	  -2.087065e-01
   8.648649e+00	  -2.098907e-01
   8.660661e+00	  -2.110839e-01
   8.672673e+00	  -2.122864e-01
   8.684685e+00	  -2.134980e-01
   8.696697e+00	  -2.147191e-01
   8.708709e+00	  -2.159496e-01
   8.720721e+00	  -2.171897e-01
   8.732733e+00	  -2.184394e-01
   8.744745e+00	  -2.196990e-01
   8.756757e+00	  -2.209685e-01
   8.768769e+00	  -2.222480e-01
   8.780781e+00	  -2.235376e-01
   8.792793e+00	  -2.248375e-01
   8.804805e+00	  -2.261477e-01
   8.816817e+00	  -2.274684e-01
   8.828829e+00	  -2.287998e-01
   8.840841e+00	  -2.301419e-01
   8.852853e+00	  -2.314948e-01
   8.864865e+00	  -2.328587e-01
   8.876877e+00	  -2.342338e-01
   8.888889e+00	  -2.356201e-01
   8.900901e+00	  -2.370177e-01
   8.912913e+00	  -2.384269e-01
   8.924925e+00	  -2.398478e-01
   8.936937e+00	  -2.412804e-01
   8.948949e+00	  -2.427250e-01
   8.960961e+00	  -2.441816e-01
   8.972973e+00	  -2.456505e-01
   8.984985e+00	  -2.471317e-01
   8.996997e+00	  -2.486254e-01
   9.009009e+00	  -2.501319e-01
   9.021021e+00	  -2.516511e-01
   9.033033e+00	  -2.531834e-01
   9.045045e+00	  -2.547288e-01
   9.057057e+00	  -2.562875e-01
   9.069069e+00	  -2.578596e-01
   9.081081e+00	  -2.594455e-01
   9.093093e+00	  -2.610451e-01
   9.105105e+00	  -2.626587e-01
   9.117117e+00	  -2.642865e-01
   9.129129e+00	  -2.659287e-01
   9.141141e+00	  -2.675853e-01
   9.153153e+00	  -2.692567e-01
   9.165165e+00	  -2.709430e-01
   9.177177e+00	  -2.726443e-01
   9.189189e+00	  -2.743610e-01
   9.201201e+00	  -2.760931e-01
   9.213213e+00	  -2.778409e-01
   9.225225e+00	  -2.796047e-01
   9.237237e+00	  -2.813845e-01
   9.249249e+00	  -2.831806e-01
   9.261261e+00	  -2.849932e-01
   9.273273e+00	  -2.868226e-01
   9.285285e+00	  -2.886690e-01
   9.297297e+00	  -2.905326e-01
   9.309309e+00	  -2.924136e-01
   9.321321e+00	  -2.943122e-01
   9.333333e+00	  -2.962288e-01
   9.345345e+00	  -2.981635e-01
   9.357357e+00	  -3.001165e-01
   9.369369e+00	  -3.020883e-01
   9.381381e+00	  -3.040789e-01
   9.393393e+00	  -3.060887e-01
   9.405405e+00	  -3.081179e-01
   9.417417e+00	  -3.101669e-01
   9.429429e+00	  -3.122358e-01
   9.441441e+00	  -3.143249e-01
   9.453453e+00	  -3.164346e-01
   9.465465e+00	  -3.185652e-01
   9.477477e+00	  -3.207168e-01
   9.489489e+00	  -3.228899e-01
   9.501502e+00	  -3.250848e-01
   9.513514e+00	  -3.273017e-01
   9.525526e+00	  -3.295410e-01
   9.537538e+00	  -3.318030e-01
   9.549550e+00	  -3.340880e-01
   9.561562e+00	  -3.363964e-01
   9.573574e+00	  -3.387285e-01
   9.585586e+00	  -3.410847e-01
   9.597598e+00	  -3.434654e-01
   9.609610e+00	  -3.458708e-01
   9.621622e+00	  -3.483014e-01
   9.633634e+00	  -3.507576e-01
   9.645646e+00	  -3.532397e-01
   9.657658e+00	  -3.557481e-01
   9.669670e+00	  -3.582833e-01
   9.681682e+00	  -3.608456e-01
   9.693694e+00	  -3.634356e-01
   9.705706e+00	  -3.660535e-01
   9.717718e+00	  -3.686999e-01
   9.729730e+00	  -3.713752e-01
   9.741742e+00	  -3.740798e-01
   9.753754e+00	  -3.768143e-01
   9.765766e+00	  -3.795790e-01
   9.777778e+00	  -3.823746e-01
   9.789790e+00	  -3.852014e-01
   9.801802e+00	  -3.880600e-01
   9.813814e+00	  -3.909510e-01
   9.825826e+00	  -3.938748e-01
   9.837838e+00	  -3.968319e-01
   9.849850e+00	  -3.998230e-01
   9.861862e+00	  -4.028486e-01
   9.873874e+00	  -4.059093e-01
   9.885886e+00	  -4.090057e-01
   9.897898e+00	  -4.121383e-01
   9.909910e+00	  -4.153079e-01
   9.921922e+00	  -4.185150e-01
   9.933934e+00	  -4.217602e-01
   9.945946e+00	  -4.250443e-01
   9.957958e+00	  -4.283680e-01
   9.969970e+00	  -4.317318e-01
   9.981982e+00	  -4.351366e-01
   9.993994e+00	  -4.385830e-01
   1.000601e+01	  -4.420718e-01
   1.001802e+01	  -4.456038e-01
   1.003003e+01	  -4.491797e-01
   1.004204e+01	  -4.528003e-01
   1.005405e+01	  -4.564665e-01
   1.006607e+01	  -4.601791e-01
   1.007808e+01	  -4.639389e-01
   1.009009e+01	  -4.677469e-01
   1.010210e+01	  -4.716039e-01
   1.011411e+01	  -4.755109e-01
   1.012613e+01	  -4.794688e-01
   1.013814e+01	  -4.834785e-01
   1.015015e+01	  -4.875411e-01
   1.016216e+01	  -4.916576e-01
   1.017417e+01	  -4.958291e-01
   1.018619e+01	  -5.000566e-01
   1.019820e+01	  -5.043413e-01
   1.021021e+01	  -5.086841e-01
   1.022222e+01	  -5.130865e-01
   1.023423e+01	  -5.175494e-01
   1.024625e+01	  -5.220742e-01
   1.025826e+01	  -5.266622e-01
   1.027027e+01	  -5.313145e-01
   1.028228e+01	  -5.360326e-01
   1.029429e+01	  -5.408178e-01
   1.030631e+01	  -5.456715e-01
   1.031832e+01	  -5.505952e-01
   1.033033e+01	  -5.555903e-01
   1.034234e+01	  -5.606585e-01
   1.035435e+01	  -5.658012e-01
   1.036637e+01	  -5.710201e-01
   1.037838e+01	  -5.763168e-01
   1.039039e+01	  -5.816932e-01
   1.040240e+01	  -5.871508e-01
   1.041441e+01	  -5.926917e-01
   1.042643e+01	  -5.983175e-01
   1.043844e+01	  -6.040304e-01
   1.045045e+01	  -6.098322e-01
   1.046246e+01	  -6.157250e-01
   1.047447e+01	  -6.217110e-01
   1.048649e+01	  -6.277923e-01
   1.049850e+01	  -6.339712e-01
   1.051051e+01	  -6.402500e-01
   1.052252e+01	  -6.466311e-01
   1.053453e+01	  -6.531170e-01
   1.054655e+01	  -6.597102e-01
   1.055856e+01	  -6.664135e-01
   1.057057e+01	  -6.732294e-01
   1.058258e+01	  -6.801610e-01
   1.059459e+01	  -6.872110e-01
   1.060661e+01	  -6.943824e-01
   1.061862e+01	  -7.016785e-01
   1.063063e+01	  -7.091025e-01
   1.064264e+01	  -7.166576e-01
   1.065465e+01	  -7.243474e-01
   1.066667e+01	  -7.321755e-01
   1.067868e+01	  -7.401455e-01
   1.069069e+01	  -7.482614e-01
   1.070270e+01	  -7.565270e-01
   1.071471e+01	  -7.649466e-01
   1.072673e+01	  -7.735245e-01
   1.073874e+01	  -7.822650e-01
   1.075075e+01	  -7.911730e-01
   1.076276e+01	  -8.002530e-01
   1.077477e+01	  -8.095102e-01
   1.078679e+01	  -8.189498e-01
   1.079880e+01	  -8.285770e-01
   1.081081e+01	  -8.383977e-01
   1.082282e+01	  -8.484175e-01
   1.083483e+01	  -8.586425e-01
   1.084685e+01	  -8.690792e-01
   1.085886e+01	  -8.797341e-01
   1.087087e+01	  -8.906140e-01
   1.088288e+01	  -9.017262e-01
   1.089489e+01	  -9.130781e-01
   1.090691e+01	  -9.246775e-01
   1.091892e+01	  -9.365326e-01
   1.093093e+01	  -9.486519e-01
   1.094294e+01	  -9.610443e-01
   1.095495e+01	  -9.737191e-01
   1.096697e+01	  -9.866860e-01
   1.097898e+01	  -9.999552e-01
   1.099099e+01	  -1.013537e+00
   1.100300e+01	  -1.027444e+00
   1.101502e+01	  -1.041686e+00
   1.102703e+01	  -1.056276e+00
   1.103904e+01	  -1.071228e+00
   1.105105e+01	  -1.086554e+00
   1.106306e+01	  -1.102270e+00
   1.107508e+01	  -1.118389e+00
   1.108709e+01	  -1.134928e+00
   1.109910e+01	  -1.151903e+00
   1.111111e+01	  -1.169332e+00
   1.112312e+01	  -1.187233e+00
   1.113514e+01	  -1.205626e+00
   1.114715e+01	  -1.224532e+00
   1.115916e+01	  -1.243971e+00
   1.117117e+01	  -1.263968e+00
   1.118318e+01	  -1.284547e+00
   1.119520e+01	  -1.305732e+00
   1.120721e+01	  -1.327552e+00
   1.121922e+01	  -1.350036e+00
   1.123123e+01	  -1.373215e+00
   1.124324e+01	  -1.397121e+00
   1.125526e+01	  -1.421789e+00
   1.126727e+01	  -1.447256e+00
   1.127928e+01	  -1.473563e+00
   1.129129e+01	  -1.500751e+00
   1.130330e+01	  -1.528866e+00
   1.131532e+01	  -1.557956e+00
   1.132733e+01	  -1.588073e+00
   1.133934e+01	  -1.619273e+00
   1.135135e+01	  -1.651615e+00
   1.136336e+01	  -1.685164e+00
   1.137538e+01	  -1.719988e+00
   1.138739e+01	  -1.756163e+00
   1.139940e+01	  -1.793769e+00
   1.141141e+01	  -1.832893e+00
   1.142342e+01	  -1.873629e+00
   1.143544e+01	  -1.916080e+00
   1.144745e+01	  -1.960357e+00
   1.145946e+01	  -2.006580e+00
   1.147147e+01	  -2.054883e+00
   1.148348e+01	  -2.105410e+00
   1.149550e+01	  -2.158318e+00
   1.150751e+01	  -2.213781e+00
   1.151952e+01	  -2.271990e+00
   1.153153e+01	  -2.333156e+00
   1.154354e+01	  -2.397510e+00
   1.155556e+01	  -2.465310e+00
   1.156757e+01	  -2.536843e+00
   1.157958e+01	  -2.612427e+00
   1.159159e+01	  -2.692419e+00
   1.160360e+01	  -2.777218e+00
   1.161562e+01	  -2.867272e+00
   1.162763e+01	  -2.963091e+00
   1.163964e+01	  -3.065247e+00
   1.165165e+01	  -3.174396e+00
   1.166366e+01	  -3.291285e+00
   1.167568e+01	  -3.416771e+00
   1.168769e+01	  -3.551845e+00
   1.169970e+01	  -3.697655e+00
   1.171171e+01	  -3.855540e+00
   1.172372e+01	  -4.027073e+00
   1.173574e+01	  -4.214111e+00
   1.174775e+01	  -4.418867e+00
   1.175976e+01	  -4.643995e+00
   1.177177e+01	  -4.892706e+00
   1.178378e+01	  -5.168928e+00
   1.179580e+01	  -5.477509e+00
   1.180781e+01	  -5.824512e+00
   1.181982e+01	  -6.217614e+00
   1.183183e+01	  -6.666687e+00
   1.184384e+01	  -7.184638e+00
   1.185586e+01	  -7.788676e+00
   1.186787e+01	  -8.502268e+00
   1.187988e+01	  -9.358265e+00
   1.189189e+01	  -1.040412e+01
   1.190390e+01	  -1.171100e+01
   1.191592e+01	  -1.339076e+01
   1.192793e+01	  -1.562979e+01
   1.193994e+01	  -1.876361e+01
   1.195195e+01	  -2.346322e+01
   1.196396e+01	  -3.129430e+01
   1.197598e+01	  -4.695380e+01
   1.198799e+01	  -9.392626e+01
   1.200000e+01	            nan
