   0.000000e+00	   1.018024e+05
   2.001001e-01	   1.016658e+05
   4.002001e-01	   1.012567e+05
   6.003002e-01	   1.005770e+05
   8.004002e-01	   9.963004e+04
   1.000500e+00	   9.842043e+04
   1.200600e+00	   9.695398e+04
   1.400700e+00	   9.523774e+04
   1.600800e+00	   9.328005e+04
   1.800900e+00	   9.109051e+04
   2.001001e+00	   8.867994e+04
   2.201101e+00	   8.606031e+04
   2.401201e+00	   8.324463e+04
   2.601301e+00	   8.024690e+04
   2.801401e+00	   7.708196e+04
   3.001501e+00	   7.376543e+04
   3.201601e+00	   7.031357e+04
   3.401701e+00	   6.674316e+04
   3.601801e+00	   6.307143e+04
   3.801901e+00	   5.931590e+04
   4.002001e+00	   5.549429e+04
   4.202101e+00	   5.162439e+04
   4.402201e+00	   4.772397e+04
   4.602301e+00	   4.381066e+04
   4.802401e+00	   3.990184e+04
   5.002501e+00	   3.601454e+04
   5.202601e+00	   3.216535e+04
   5.402701e+00	   2.837033e+04
   5.602801e+00	   2.464492e+04
   5.802901e+00	   2.100385e+04
   6.003002e+00	   1.746107e+04
   6.203102e+00	   1.402972e+04
   6.403202e+00	   1.072200e+04
   6.603302e+00	   7.549202e+03
   6.803402e+00	   4.521583e+03
   7.003502e+00	   1.648386e+03
   7.203602e+00	  -1.062214e+03
   7.403702e+00	  -3.603126e+03
   7.603802e+00	  -5.968362e+03
   7.803902e+00	  -8.153041e+03
   8.004002e+00	  -1.015339e+04
   8.204102e+00	  -1.196674e+04
   8.404202e+00	  -1.359151e+04
   8.604302e+00	  -1.502718e+04
   8.804402e+00	  -1.627429e+04
   9.004502e+00	  -1.733437e+04
   9.204602e+00	  -1.820995e+04
   9.404702e+00	  -1.890448e+04
   9.604802e+00	  -1.942228e+04
   9.804902e+00	  -1.976854e+04
   1.000500e+01	  -1.994920e+04
   1.020510e+01	  -1.997095e+04
   1.040520e+01	  -1.984112e+04
   1.060530e+01	  -1.956766e+04
   1.080540e+01	  -1.915905e+04
   1.100550e+01	  -1.862423e+04
   1.120560e+01	  -1.797256e+04
   1.140570e+01	  -1.721372e+04
   1.160580e+01	  -1.635768e+04
   1.180590e+01	  -1.541459e+04
   1.200600e+01	  -1.439474e+04
   1.220610e+01	  -1.330849e+04
   1.240620e+01	  -1.216622e+04
   1.260630e+01	  -1.097824e+04
   1.280640e+01	  -9.754728e+03
   1.300650e+01	  -8.505722e+03
   1.320660e+01	  -7.241011e+03
   1.340670e+01	  -5.970110e+03
   1.360680e+01	  -4.702204e+03
   1.380690e+01	  -3.446108e+03
   1.400700e+01	  -2.210222e+03
   1.420710e+01	  -1.002494e+03
   1.440720e+01	   1.696113e+02
   1.460730e+01	   1.299145e+03
   1.480740e+01	   2.379697e+03
   1.500750e+01	   3.405419e+03
   1.520760e+01	   4.371043e+03
   1.540770e+01	   5.271891e+03
   1.560780e+01	   6.103888e+03
   1.580790e+01	   6.863565e+03
   1.600800e+01	   7.548061e+03
   1.620810e+01	   8.155123e+03
   1.640820e+01	   8.683094e+03
   1.660830e+01	   9.130911e+03
   1.680840e+01	   9.498086e+03
   1.700850e+01	   9.784695e+03
   1.720860e+01	   9.991353e+03
   1.740870e+01	   1.011920e+04
   1.760880e+01	   1.016986e+04
   1.780890e+01	   1.014545e+04
   1.800900e+01	   1.004851e+04
   1.820910e+01	   9.881989e+03
   1.840920e+01	   9.649218e+03
   1.860930e+01	   9.353875e+03
   1.880940e+01	   8.999942e+03
   1.900950e+01	   8.591677e+03
   1.920960e+01	   8.133575e+03
   1.940970e+01	   7.630330e+03
   1.960980e+01	   7.086798e+03
   1.980990e+01	   6.507965e+03
   2.001001e+01	   5.898904e+03
   2.021011e+01	   5.264742e+03
   2.041021e+01	   4.610626e+03
   2.061031e+01	   3.941683e+03
   2.081041e+01	   3.262996e+03
   2.101051e+01	   2.579563e+03
   2.121061e+01	   1.896271e+03
   2.141071e+01	   1.217867e+03
   2.161081e+01	   5.489279e+02
   2.181091e+01	  -1.061606e+02
   2.201101e+01	  -7.432312e+02
   2.221111e+01	  -1.358354e+03
   2.241121e+01	  -1.947858e+03
   2.261131e+01	  -2.508345e+03
   2.281141e+01	  -3.036708e+03
   2.301151e+01	  -3.530140e+03
   2.321161e+01	  -3.986147e+03
   2.341171e+01	  -4.402556e+03
   2.361181e+01	  -4.777519e+03
   2.381191e+01	  -5.109517e+03
   2.401201e+01	  -5.397362e+03
   2.421211e+01	  -5.640194e+03
   2.441221e+01	  -5.837483e+03
   2.461231e+01	  -5.989016e+03
   2.481241e+01	  -6.094897e+03
   2.501251e+01	  -6.155535e+03
   2.521261e+01	  -6.171635e+03
   2.541271e+01	  -6.144182e+03
   2.561281e+01	  -6.074431e+03
   2.581291e+01	  -5.963893e+03
   2.601301e+01	  -5.814314e+03
   2.621311e+01	  -5.627659e+03
   2.641321e+01	  -5.406098e+03
   2.661331e+01	  -5.151980e+03
   2.681341e+01	  -4.867817e+03
   2.701351e+01	  -4.556263e+03
   2.721361e+01	  -4.220091e+03
   2.741371e+01	  -3.862176e+03
   2.761381e+01	  -3.485467e+03
   2.781391e+01	  -3.092974e+03
   2.801401e+01	  -2.687739e+03
   2.821411e+01	  -2.272820e+03
   2.841421e+01	  -1.851267e+03
   2.861431e+01	  -1.426108e+03
   2.881441e+01	  -1.000320e+03
   2.901451e+01	  -5.768214e+02
   2.921461e+01	  -1.584450e+02
   2.941471e+01	   2.520734e+02
   2.961481e+01	   6.521124e+02
   2.981491e+01	   1.039180e+03
   3.001501e+01	   1.410926e+03
   3.021511e+01	   1.765155e+03
   3.041521e+01	   2.099839e+03
   3.061531e+01	   2.413123e+03
   3.081541e+01	   2.703338e+03
   3.101551e+01	   2.969003e+03
   3.121561e+01	   3.208836e+03
   3.141571e+01	   3.421753e+03
   3.161581e+01	   3.606875e+03
   3.181591e+01	   3.763525e+03
   3.201601e+01	   3.891234e+03
   3.221611e+01	   3.989733e+03
   3.241621e+01	   4.058955e+03
   3.261631e+01	   4.099029e+03
   3.281641e+01	   4.110277e+03
   3.301651e+01	   4.093206e+03
   3.321661e+01	   4.048502e+03
   3.341671e+01	   3.977019e+03
   3.361681e+01	   3.879773e+03
   3.381691e+01	   3.757933e+03
   3.401701e+01	   3.612806e+03
   3.421711e+01	   3.445828e+03
   3.441721e+01	   3.258552e+03
   3.461731e+01	   3.052636e+03
   3.481741e+01	   2.829826e+03
   3.501751e+01	   2.591949e+03
   3.521761e+01	   2.340895e+03
   3.541771e+01	   2.078606e+03
   3.561781e+01	   1.807057e+03
   3.581791e+01	   1.528251e+03
   3.601801e+01	   1.244197e+03
   3.621811e+01	   9.569023e+02
   3.641821e+01	   6.683552e+02
   3.661831e+01	   3.805162e+02
   3.681841e+01	   9.530308e+01
   3.701851e+01	  -1.854199e+02
   3.721861e+01	  -4.598533e+02
   3.741871e+01	  -7.262733e+02
   3.761881e+01	  -9.830410e+02
   3.781891e+01	  -1.228612e+03
   3.801901e+01	  -1.461545e+03
   3.821911e+01	  -1.680509e+03
   3.841921e+01	  -1.884290e+03
   3.861931e+01	  -2.071795e+03
   3.881941e+01	  -2.242060e+03
   3.901951e+01	  -2.394254e+03
   3.921961e+01	  -2.527677e+03
   3.941971e+01	  -2.641770e+03
   3.961981e+01	  -2.736107e+03
   3.981991e+01	  -2.810405e+03
   4.002001e+01	  -2.864515e+03
   4.022011e+01	  -2.898425e+03
   4.042021e+01	  -2.912258e+03
   4.062031e+01	  -2.906266e+03
   4.082041e+01	  -2.880827e+03
   4.102051e+01	  -2.836443e+03
   4.122061e+01	  -2.773730e+03
   4.142071e+01	  -2.693416e+03
   4.162081e+01	  -2.596332e+03
   4.182091e+01	  -2.483405e+03
   4.202101e+01	  -2.355652e+03
   4.222111e+01	  -2.214169e+03
   4.242121e+01	  -2.060125e+03
   4.262131e+01	  -1.894751e+03
   4.282141e+01	  -1.719334e+03
   4.302151e+01	  -1.535204e+03
   4.322161e+01	  -1.343727e+03
   4.342171e+01	  -1.146294e+03
   4.362181e+01	  -9.443129e+02
   4.382191e+01	  -7.391983e+02
   4.402201e+01	  -5.323621e+02
   4.422211e+01	  -3.252047e+02
   4.442221e+01	  -1.191058e+02
   4.462231e+01	   8.458454e+01
   4.482241e+01	   2.845534e+02
   4.502251e+01	   4.795338e+02
   4.522261e+01	   6.683116e+02
   4.542271e+01	   8.497330e+02
   4.562281e+01	   1.022711e+03
   4.582291e+01	   1.186230e+03
   4.602301e+01	   1.339355e+03
   4.622311e+01	   1.481233e+03
   4.642321e+01	   1.611096e+03
   4.662331e+01	   1.728270e+03
   4.682341e+01	   1.832173e+03
   4.702351e+01	   1.922320e+03
   4.722361e+01	   1.998323e+03
   4.742371e+01	   2.059894e+03
   4.762381e+01	   2.106843e+03
   4.782391e+01	   2.139079e+03
   4.802401e+01	   2.156608e+03
   4.822411e+01	   2.159535e+03
   4.842421e+01	   2.148056e+03
   4.862431e+01	   2.122461e+03
   4.882441e+01	   2.083128e+03
   4.902451e+01	   2.030516e+03
   4.922461e+01	   1.965169e+03
   4.942471e+01	   1.887702e+03
   4.962481e+01	   1.798805e+03
   4.982491e+01	   1.699228e+03
   5.002501e+01	   1.589782e+03
   5.022511e+01	   1.471332e+03
   5.042521e+01	   1.344787e+03
   5.062531e+01	   1.211097e+03
   5.082541e+01	   1.071245e+03
   5.102551e+01	   9.262395e+02
   5.122561e+01	   7.771093e+02
   5.142571e+01	   6.248944e+02
   5.162581e+01	   4.706405e+02
   5.182591e+01	   3.153917e+02
   5.202601e+01	   1.601839e+02
   5.222611e+01	   6.037803e+00
   5.242621e+01	  -1.460470e+02
   5.262631e+01	  -2.950984e+02
   5.282641e+01	  -4.401779e+02
   5.302651e+01	  -5.803860e+02
   5.322661e+01	  -7.148676e+02
   5.342671e+01	  -8.428166e+02
   5.362681e+01	  -9.634811e+02
   5.382691e+01	  -1.076167e+03
   5.402701e+01	  -1.180241e+03
   5.422711e+01	  -1.275137e+03
   5.442721e+01	  -1.360354e+03
   5.462731e+01	  -1.435462e+03
   5.482741e+01	  -1.500104e+03
   5.502751e+01	  -1.553993e+03
   5.522761e+01	  -1.596919e+03
   5.542771e+01	  -1.628746e+03
   5.562781e+01	  -1.649410e+03
   5.582791e+01	  -1.658924e+03
   5.602801e+01	  -1.657371e+03
   5.622811e+01	  -1.644906e+03
   5.642821e+01	  -1.621752e+03
   5.662831e+01	  -1.588201e+03
   5.682841e+01	  -1.544607e+03
   5.702851e+01	  -1.491385e+03
   5.722861e+01	  -1.429009e+03
   5.742871e+01	  -1.358005e+03
   5.762881e+01	  -1.278948e+03
   5.782891e+01	  -1.192459e+03
   5.802901e+01	  -1.099199e+03
   5.822911e+01	  -9.998657e+02
   5.842921e+01	  -8.951852e+02
   5.862931e+01	  -7.859110e+02
   5.882941e+01	  -6.728161e+02
   5.902951e+01	  -5.566888e+02
   5.922961e+01	  -4.383272e+02
   5.942971e+01	  -3.185337e+02
   5.962981e+01	  -1.981101e+02
   5.982991e+01	  -7.785208e+01
   6.003002e+01	   4.145565e+01
   6.023012e+01	   1.590443e+02
   6.043022e+01	   2.741660e+02
   6.063032e+01	   3.860979e+02
   6.083042e+01	   4.941472e+02
   6.103052e+01	   5.976546e+02
   6.123062e+01	   6.959986e+02
   6.143072e+01	   7.885988e+02
   6.163082e+01	   8.749194e+02
   6.183092e+01	   9.544718e+02
   6.203102e+01	   1.026817e+03
   6.223112e+01	   1.091570e+03
   6.243122e+01	   1.148396e+03
   6.263132e+01	   1.197020e+03
   6.283142e+01	   1.237222e+03
   6.303152e+01	   1.268837e+03
   6.323162e+01	   1.291762e+03
   6.343172e+01	   1.305948e+03
   6.363182e+01	   1.311406e+03
   6.383192e+01	   1.308202e+03
   6.403202e+01	   1.296457e+03
   6.423212e+01	   1.276349e+03
   6.443222e+01	   1.248105e+03
   6.463232e+01	   1.212003e+03
   6.483242e+01	   1.168371e+03
   6.503252e+01	   1.117578e+03
   6.523262e+01	   1.060039e+03
   6.543272e+01	   9.962051e+02
   6.563282e+01	   9.265656e+02
   6.583292e+01	   8.516401e+02
   6.603302e+01	   7.719772e+02
   6.623312e+01	   6.881499e+02
   6.643322e+01	   6.007514e+02
   6.663332e+01	   5.103916e+02
   6.683342e+01	   4.176927e+02
   6.703352e+01	   3.232849e+02
   6.723362e+01	   2.278023e+02
   6.743372e+01	   1.318791e+02
   6.763382e+01	   3.614493e+01
   6.783392e+01	  -5.877865e+01
   6.803402e+01	  -1.522824e+02
   6.823412e+01	  -2.437730e+02
   6.843422e+01	  -3.326768e+02
   6.863432e+01	  -4.184434e+02
   6.883442e+01	  -5.005486e+02
   6.903452e+01	  -5.784978e+02
   6.923462e+01	  -6.518290e+02
   6.943472e+01	  -7.201149e+02
   6.963482e+01	  -7.829657e+02
   6.983492e+01	  -8.400310e+02
   7.003502e+01	  -8.910019e+02
   7.023512e+01	  -9.356122e+02
   7.043522e+01	  -9.736396e+02
   7.063532e+01	  -1.004907e+03
   7.083542e+01	  -1.029284e+03
   7.103552e+01	  -1.046684e+03
   7.123562e+01	  -1.057069e+03
   7.143572e+01	  -1.060444e+03
   7.163582e+01	  -1.056863e+03
   7.183592e+01	  -1.046421e+03
   7.203602e+01	  -1.029258e+03
   7.223612e+01	  -1.005557e+03
   7.243622e+01	  -9.755401e+02
   7.263632e+01	  -9.394675e+02
   7.283642e+01	  -8.976368e+02
   7.303652e+01	  -8.503797e+02
   7.323662e+01	  -7.980594e+02
   7.343672e+01	  -7.410680e+02
   7.363682e+01	  -6.798239e+02
   7.383692e+01	  -6.147686e+02
   7.403702e+01	  -5.463637e+02
   7.423712e+01	  -4.750878e+02
   7.443722e+01	  -4.014332e+02
   7.463732e+01	  -3.259022e+02
   7.483742e+01	  -2.490046e+02
   7.503752e+01	  -1.712533e+02
   7.523762e+01	  -9.316200e+01
   7.543772e+01	  -1.524101e+01
   7.563782e+01	   6.200547e+01
   7.583792e+01	   1.380827e+02
   7.603802e+01	   2.125086e+02
   7.623812e+01	   2.848165e+02
   7.643822e+01	   3.545582e+02
   7.663832e+01	   4.213066e+02
   7.683842e+01	   4.846580e+02
   7.703852e+01	   5.442350e+02
   7.723862e+01	   5.996882e+02
   7.743872e+01	   6.506984e+02
   7.763882e+01	   6.969781e+02
   7.783892e+01	   7.382735e+02
   7.803902e+01	   7.743653e+02
   7.823912e+01	   8.050701e+02
   7.843922e+01	   8.302410e+02
   7.863932e+01	   8.497685e+02
   7.883942e+01	   8.635806e+02
   7.903952e+01	   8.716426e+02
   7.923962e+01	   8.739578e+02
   7.943972e+01	   8.705663e+02
   7.963982e+01	   8.615448e+02
   7.983992e+01	   8.470055e+02
   8.004002e+01	   8.270953e+02
   8.024012e+01	   8.019944e+02
   8.044022e+01	   7.719148e+02
   8.064032e+01	   7.370985e+02
   8.084042e+01	   6.978159e+02
   8.104052e+01	   6.543638e+02
   8.124062e+01	   6.070629e+02
   8.144072e+01	   5.562558e+02
   8.164082e+01	   5.023045e+02
   8.184092e+01	   4.455881e+02
   8.204102e+01	   3.864996e+02
   8.224112e+01	   3.254439e+02
   8.244122e+01	   2.628347e+02
   8.264132e+01	   1.990921e+02
   8.284142e+01	   1.346393e+02
   8.304152e+01	   6.990029e+01
   8.324162e+01	   5.296971e+00
   8.344172e+01	  -5.875355e+01
   8.364182e+01	  -1.218416e+02
   8.384192e+01	  -1.835674e+02
   8.404202e+01	  -2.435438e+02
   8.424212e+01	  -3.013984e+02
   8.444222e+01	  -3.567758e+02
   8.464232e+01	  -4.093401e+02
   8.484242e+01	  -4.587764e+02
   8.504252e+01	  -5.047928e+02
   8.524262e+01	  -5.471224e+02
   8.544272e+01	  -5.855243e+02
   8.564282e+01	  -6.197850e+02
   8.584292e+01	  -6.497200e+02
   8.604302e+01	  -6.751741e+02
   8.624312e+01	  -6.960225e+02
   8.644322e+01	  -7.121711e+02
   8.664332e+01	  -7.235573e+02
   8.684342e+01	  -7.301493e+02
   8.704352e+01	  -7.319469e+02
   8.724362e+01	  -7.289807e+02
   8.744372e+01	  -7.213117e+02
   8.764382e+01	  -7.090307e+02
   8.784392e+01	  -6.922577e+02
   8.804402e+01	  -6.711402e+02
   8.824412e+01	  -6.458527e+02
   8.844422e+01	  -6.165951e+02
   8.864432e+01	  -5.835909e+02
   8.884442e+01	  -5.470861e+02
   8.904452e+01	  -5.073469e+02
   8.924462e+01	  -4.646583e+02
   8.944472e+01	  -4.193215e+02
   8.964482e+01	  -3.716525e+02
   8.984492e+01	  -3.219794e+02
   9.004502e+01	  -2.706405e+02
   9.024512e+01	  -2.179819e+02
   9.044522e+01	  -1.643552e+02
   9.064532e+01	  -1.101153e+02
   9.084542e+01	  -5.561794e+01
   9.104552e+01	  -1.217617e+00
   9.124562e+01	   5.273494e+01
   9.144572e+01	   1.058948e+02
   9.164582e+01	   1.579252e+02
   9.184592e+01	   2.084992e+02
   9.204602e+01	   2.573023e+02
   9.224612e+01	   3.040340e+02
   9.244622e+01	   3.484096e+02
   9.264632e+01	   3.901620e+02
   9.284642e+01	   4.290432e+02
   9.304652e+01	   4.648259e+02
   9.324662e+01	   4.973046e+02
   9.344672e+01	   5.262966e+02
   9.364682e+01	   5.516436e+02
   9.384692e+01	   5.732117e+02
   9.404702e+01	   5.908928e+02
   9.424712e+01	   6.046043e+02
   9.444722e+01	   6.142903e+02
   9.464732e+01	   6.199210e+02
   9.484742e+01	   6.214931e+02
   9.504752e+01	   6.190295e+02
   9.524762e+01	   6.125789e+02
   9.544772e+01	   6.022150e+02
   9.564782e+01	   5.880366e+02
   9.584792e+01	   5.701659e+02
   9.604802e+01	   5.487481e+02
   9.624812e+01	   5.239499e+02
   9.644822e+01	   4.959585e+02
   9.664832e+01	   4.649802e+02
   9.684842e+01	   4.312389e+02
   9.704852e+01	   3.949743e+02
   9.724862e+01	   3.564407e+02
   9.744872e+01	   3.159048e+02
   9.764882e+01	   2.736442e+02
   9.784892e+01	   2.299451e+02
   9.804902e+01	   1.851012e+02
   9.824912e+01	   1.394107e+02
   9.844922e+01	   9.317517e+01
   9.864932e+01	   4.669735e+01
   9.884942e+01	   2.790314e-01
   9.904952e+01	  -4.578071e+01
   9.924962e+01	  -9.118746e+01
   9.944972e+01	  -1.356533e+02
   9.964982e+01	  -1.788987e+02
   9.984992e+01	  -2.206540e+02
   1.000500e+02	  -2.606615e+02
   1.002501e+02	  -2.986765e+02
   1.004502e+02	  -3.344691e+02
   1.006503e+02	  -3.678256e+02
   1.008504e+02	  -3.985495e+02
   1.010505e+02	  -4.264628e+02
   1.012506e+02	  -4.514070e+02
   1.014507e+02	  -4.732440e+02
   1.016508e+02	  -4.918565e+02
   1.018509e+02	  -5.071490e+02
   1.020510e+02	  -5.190483e+02
   1.022511e+02	  -5.275033e+02
   1.024512e+02	  -5.324856e+02
   1.026513e+02	  -5.339893e+02
   1.028514e+02	  -5.320309e+02
   1.030515e+02	  -5.266493e+02
   1.032516e+02	  -5.179048e+02
   1.034517e+02	  -5.058790e+02
   1.036518e+02	  -4.906742e+02
   1.038519e+02	  -4.724120e+02
   1.040520e+02	  -4.512332e+02
   1.042521e+02	  -4.272959e+02
   1.044522e+02	  -4.007750e+02
   1.046523e+02	  -3.718608e+02
   1.048524e+02	  -3.407573e+02
   1.050525e+02	  -3.076812e+02
   1.052526e+02	  -2.728604e+02
   1.054527e+02	  -2.365321e+02
   1.056528e+02	  -1.989417e+02
   1.058529e+02	  -1.603407e+02
   1.060530e+02	  -1.209853e+02
   1.062531e+02	  -8.113477e+01
   1.064532e+02	  -4.104952e+01
   1.066533e+02	  -9.896291e-01
   1.068534e+02	   3.878690e+01
   1.070535e+02	   7.802578e+01
   1.072536e+02	   1.164780e+02
   1.074537e+02	   1.539015e+02
   1.076538e+02	   1.900626e+02
   1.078539e+02	   2.247372e+02
   1.080540e+02	   2.577128e+02
   1.082541e+02	   2.887890e+02
   1.084542e+02	   3.177792e+02
   1.086543e+02	   3.445115e+02
   1.088544e+02	   3.688300e+02
   1.090545e+02	   3.905951e+02
   1.092546e+02	   4.096847e+02
   1.094547e+02	   4.259951e+02
   1.096548e+02	   4.394408e+02
   1.098549e+02	   4.499555e+02
   1.100550e+02	   4.574922e+02
   1.102551e+02	   4.620234e+02
   1.104552e+02	   4.635412e+02
   1.106553e+02	   4.620570e+02
   1.108554e+02	   4.576014e+02
   1.110555e+02	   4.502240e+02
   1.112556e+02	   4.399929e+02
   1.114557e+02	   4.269937e+02
   1.116558e+02	   4.113297e+02
   1.118559e+02	   3.931203e+02
   1.120560e+02	   3.725004e+02
   1.122561e+02	   3.496196e+02
   1.124562e+02	   3.246410e+02
   1.126563e+02	   2.977399e+02
   1.128564e+02	   2.691029e+02
   1.130565e+02	   2.389263e+02
   1.132566e+02	   2.074151e+02
   1.134567e+02	   1.747813e+02
   1.136568e+02	   1.412429e+02
   1.138569e+02	   1.070220e+02
   1.140570e+02	   7.234349e+01
   1.142571e+02	   3.743392e+01
   1.144572e+02	   2.519591e+00
   1.146573e+02	  -3.217466e+01
   1.148574e+02	  -6.642697e+01
   1.150575e+02	  -1.000198e+02
   1.152576e+02	  -1.327414e+02
   1.154577e+02	  -1.643869e+02
   1.156578e+02	  -1.947599e+02
   1.158579e+02	  -2.236735e+02
   1.160580e+02	  -2.509513e+02
   1.162581e+02	  -2.764287e+02
   1.164582e+02	  -2.999539e+02
   1.166583e+02	  -3.213884e+02
   1.168584e+02	  -3.406083e+02
   1.170585e+02	  -3.575046e+02
   1.172586e+02	  -3.719840e+02
   1.174587e+02	  -3.839695e+02
   1.176588e+02	  -3.934005e+02
   1.178589e+02	  -4.002332e+02
   1.180590e+02	  -4.044408e+02
   1.182591e+02	  -4.060136e+02
   1.184592e+02	  -4.049589e+02
   1.186593e+02	  -4.013008e+02
   1.188594e+02	  -3.950799e+02
   1.190595e+02	  -3.863531e+02
   1.192596e+02	  -3.751930e+02
   1.194597e+02	  -3.616874e+02
   1.196598e+02	  -3.459384e+02
   1.198599e+02	  -3.280621e+02
   1.200600e+02	  -3.081873e+02
   1.202601e+02	  -2.864550e+02
   1.204602e+02	  -2.630170e+02
   1.206603e+02	  -2.380352e+02
   1.208604e+02	  -2.116804e+02
   1.210605e+02	  -1.841309e+02
   1.212606e+02	  -1.555717e+02
   1.214607e+02	  -1.261931e+02
   1.216608e+02	  -9.618943e+01
   1.218609e+02	  -6.575763e+01
   1.220610e+02	  -3.509626e+01
   1.222611e+02	  -4.404052e+00
   1.224612e+02	   2.612136e+01
   1.226613e+02	   5.628466e+01
   1.228614e+02	   8.589412e+01
   1.230615e+02	   1.147628e+02
   1.232616e+02	   1.427097e+02
   1.234617e+02	   1.695609e+02
   1.236618e+02	   1.951506e+02
   1.238619e+02	   2.193222e+02
   1.240620e+02	   2.419291e+02
   1.242621e+02	   2.628359e+02
   1.244622e+02	   2.819187e+02
   1.246623e+02	   2.990664e+02
   1.248624e+02	   3.141806e+02
   1.250625e+02	   3.271770e+02
   1.252626e+02	   3.379852e+02
   1.254627e+02	   3.465495e+02
   1.256628e+02	   3.528286e+02
   1.258629e+02	   3.567964e+02
   1.260630e+02	   3.584418e+02
   1.262631e+02	   3.577687e+02
   1.264632e+02	   3.547957e+02
   1.266633e+02	   3.495562e+02
   1.268634e+02	   3.420978e+02
   1.270635e+02	   3.324823e+02
   1.272636e+02	   3.207847e+02
   1.274637e+02	   3.070931e+02
   1.276638e+02	   2.915078e+02
   1.278639e+02	   2.741406e+02
   1.280640e+02	   2.551140e+02
   1.282641e+02	   2.345606e+02
   1.284642e+02	   2.126219e+02
   1.286643e+02	   1.894472e+02
   1.288644e+02	   1.651933e+02
   1.290645e+02	   1.400224e+02
   1.292646e+02	   1.141022e+02
   1.294647e+02	   8.760364e+01
   1.296648e+02	   6.070071e+01
   1.298649e+02	   3.356878e+01
   1.300650e+02	   6.383666e+00
   1.302651e+02	  -2.067956e+01
   1.304652e+02	  -4.744763e+01
   1.306653e+02	  -7.375026e+01
   1.308654e+02	  -9.942114e+01
   1.310655e+02	  -1.242990e+02
   1.312656e+02	  -1.482288e+02
   1.314657e+02	  -1.710622e+02
   1.316658e+02	  -1.926590e+02
   1.318659e+02	  -2.128879e+02
   1.320660e+02	  -2.316268e+02
   1.322661e+02	  -2.487642e+02
   1.324662e+02	  -2.641994e+02
   1.326663e+02	  -2.778432e+02
   1.328664e+02	  -2.896187e+02
   1.330665e+02	  -2.994610e+02
   1.332666e+02	  -3.073184e+02
   1.334667e+02	  -3.131521e+02
   1.336668e+02	  -3.169363e+02
   1.338669e+02	  -3.186589e+02
   1.340670e+02	  -3.183209e+02
   1.342671e+02	  -3.159364e+02
   1.344672e+02	  -3.115327e+02
   1.346673e+02	  -3.051500e+02
   1.348674e+02	  -2.968407e+02
   1.350675e+02	  -2.866696e+02
   1.352676e+02	  -2.747126e+02
   1.354677e+02	  -2.610572e+02
   1.356678e+02	  -2.458008e+02
   1.358679e+02	  -2.290508e+02
   1.360680e+02	  -2.109233e+02
   1.362681e+02	  -1.915429e+02
   1.364682e+02	  -1.710413e+02
   1.366683e+02	  -1.495567e+02
   1.368684e+02	  -1.272328e+02
   1.370685e+02	  -1.042177e+02
   1.372686e+02	  -8.066350e+01
   1.374687e+02	  -5.672446e+01
   1.376688e+02	  -3.255664e+01
   1.378689e+02	  -8.316616e+00
   1.380690e+02	   1.583945e+01
   1.382691e+02	   3.975683e+01
   1.384692e+02	   6.328322e+01
   1.386693e+02	   8.626967e+01
   1.388694e+02	   1.085716e+02
   1.390695e+02	   1.300495e+02
   1.392696e+02	   1.505701e+02
   1.394697e+02	   1.700070e+02
   1.396698e+02	   1.882414e+02
   1.398699e+02	   2.051629e+02
   1.400700e+02	   2.206702e+02
   1.402701e+02	   2.346716e+02
   1.404702e+02	   2.470856e+02
   1.406703e+02	   2.578412e+02
   1.408704e+02	   2.668788e+02
   1.410705e+02	   2.741498e+02
   1.412706e+02	   2.796173e+02
   1.414707e+02	   2.832562e+02
   1.416708e+02	   2.850534e+02
   1.418709e+02	   2.850075e+02
   1.420710e+02	   2.831290e+02
   1.422711e+02	   2.794401e+02
   1.424712e+02	   2.739745e+02
   1.426713e+02	   2.667772e+02
   1.428714e+02	   2.579038e+02
   1.430715e+02	   2.474207e+02
   1.432716e+02	   2.354039e+02
   1.434717e+02	   2.219391e+02
   1.436718e+02	   2.071207e+02
   1.438719e+02	   1.910514e+02
   1.440720e+02	   1.738410e+02
   1.442721e+02	   1.556064e+02
   1.444722e+02	   1.364704e+02
   1.446723e+02	   1.165606e+02
   1.448724e+02	   9.600917e+01
   1.450725e+02	   7.495161e+01
   1.452726e+02	   5.352587e+01
   1.454727e+02	   3.187154e+01
   1.456728e+02	   1.012893e+01
   1.458729e+02	  -1.156185e+01
   1.460730e+02	  -3.306178e+01
   1.462731e+02	  -5.423383e+01
   1.464732e+02	  -7.494380e+01
   1.466733e+02	  -9.506117e+01
   1.468734e+02	  -1.144599e+02
   1.470735e+02	  -1.330194e+02
   1.472736e+02	  -1.506248e+02
   1.474737e+02	  -1.671682e+02
   1.476738e+02	  -1.825491e+02
   1.478739e+02	  -1.966749e+02
   1.480740e+02	  -2.094616e+02
   1.482741e+02	  -2.208341e+02
   1.484742e+02	  -2.307270e+02
   1.486743e+02	  -2.390846e+02
   1.488744e+02	  -2.458613e+02
   1.490745e+02	  -2.510221e+02
   1.492746e+02	  -2.545422e+02
   1.494747e+02	  -2.564077e+02
   1.496748e+02	  -2.566154e+02
   1.498749e+02	  -2.551727e+02
   1.500750e+02	  -2.520975e+02
   1.502751e+02	  -2.474180e+02
   1.504752e+02	  -2.411728e+02
   1.506753e+02	  -2.334102e+02
   1.508754e+02	  -2.241879e+02
   1.510755e+02	  -2.135727e+02
   1.512756e+02	  -2.016400e+02
   1.514757e+02	  -1.884734e+02
   1.516758e+02	  -1.741637e+02
   1.518759e+02	  -1.588088e+02
   1.520760e+02	  -1.425126e+02
   1.522761e+02	  -1.253847e+02
   1.524762e+02	  -1.075394e+02
   1.526763e+02	  -8.909478e+01
   1.528764e+02	  -7.017247e+01
   1.530765e+02	  -5.089638e+01
   1.532766e+02	  -3.139207e+01
   1.534767e+02	  -1.178593e+01
   1.536768e+02	   7.795661e+00
   1.538769e+02	   2.722713e+01
   1.540770e+02	   4.638451e+01
   1.542771e+02	   6.514622e+01
   1.544772e+02	   8.339385e+01
   1.546773e+02	   1.010129e+02
   1.548774e+02	   1.178935e+02
   1.550775e+02	   1.339309e+02
   1.552776e+02	   1.490267e+02
   1.554777e+02	   1.630885e+02
   1.556778e+02	   1.760315e+02
   1.558779e+02	   1.877782e+02
   1.560780e+02	   1.982592e+02
   1.562781e+02	   2.074137e+02
   1.564782e+02	   2.151897e+02
   1.566783e+02	   2.215440e+02
   1.568784e+02	   2.264432e+02
   1.570785e+02	   2.298630e+02
   1.572786e+02	   2.317890e+02
   1.574787e+02	   2.322163e+02
   1.576788e+02	   2.311496e+02
   1.578789e+02	   2.286032e+02
   1.580790e+02	   2.246009e+02
   1.582791e+02	   2.191757e+02
   1.584792e+02	   2.123694e+02
   1.586793e+02	   2.042326e+02
   1.588794e+02	   1.948241e+02
   1.590795e+02	   1.842107e+02
   1.592796e+02	   1.724663e+02
   1.594797e+02	   1.596721e+02
   1.596798e+02	   1.459152e+02
   1.598799e+02	   1.312887e+02
   1.600800e+02	   1.158909e+02
   1.602801e+02	   9.982421e+01
   1.604802e+02	   8.319514e+01
   1.606803e+02	   6.611314e+01
   1.608804e+02	   4.869007e+01
   1.610805e+02	   3.103940e+01
   1.612806e+02	   1.327552e+01
   1.614807e+02	  -4.487027e+00
   1.616808e+02	  -2.213426e+01
   1.618809e+02	  -3.955349e+01
   1.620810e+02	  -5.663406e+01
   1.622811e+02	  -7.326801e+01
   1.624812e+02	  -8.935077e+01
   1.626813e+02	  -1.047818e+02
   1.628814e+02	  -1.194653e+02
   1.630815e+02	  -1.333106e+02
   1.632816e+02	  -1.462329e+02
   1.634817e+02	  -1.581539e+02
   1.636818e+02	  -1.690017e+02
   1.638819e+02	  -1.787121e+02
   1.640820e+02	  -1.872281e+02
   1.642821e+02	  -1.945009e+02
   1.644822e+02	  -2.004897e+02
   1.646823e+02	  -2.051624e+02
   1.648824e+02	  -2.084952e+02
   1.650825e+02	  -2.104731e+02
   1.652826e+02	  -2.110901e+02
   1.654827e+02	  -2.103485e+02
   1.656828e+02	  -2.082596e+02
   1.658829e+02	  -2.048433e+02
   1.660830e+02	  -2.001278e+02
   1.662831e+02	  -1.941496e+02
   1.664832e+02	  -1.869529e+02
   1.666833e+02	  -1.785897e+02
   1.668834e+02	  -1.691192e+02
   1.670835e+02	  -1.586075e+02
   1.672836e+02	  -1.471268e+02
   1.674837e+02	  -1.347554e+02
   1.676838e+02	  -1.215769e+02
   1.678839e+02	  -1.076796e+02
   1.680840e+02	  -9.315604e+01
   1.682841e+02	  -7.810239e+01
   1.684842e+02	  -6.261769e+01
   1.686843e+02	  -4.680329e+01
   1.688844e+02	  -3.076219e+01
   1.690845e+02	  -1.459837e+01
   1.692846e+02	   1.583900e+00
   1.694847e+02	   1.768073e+01
   1.696848e+02	   3.358925e+01
   1.698849e+02	   4.920828e+01
   1.700850e+02	   6.443897e+01
   1.702851e+02	   7.918541e+01
   1.704852e+02	   9.335526e+01
   1.706853e+02	   1.068603e+02
   1.708854e+02	   1.196169e+02
   1.710855e+02	   1.315468e+02
   1.712856e+02	   1.425772e+02
   1.714857e+02	   1.526416e+02
   1.716858e+02	   1.616797e+02
   1.718859e+02	   1.696385e+02
   1.720860e+02	   1.764716e+02
   1.722861e+02	   1.821406e+02
   1.724862e+02	   1.866144e+02
   1.726863e+02	   1.898698e+02
   1.728864e+02	   1.918913e+02
   1.730865e+02	   1.926719e+02
   1.732866e+02	   1.922120e+02
   1.734867e+02	   1.905203e+02
   1.736868e+02	   1.876132e+02
   1.738869e+02	   1.835150e+02
   1.740870e+02	   1.782573e+02
   1.742871e+02	   1.718791e+02
   1.744872e+02	   1.644265e+02
   1.746873e+02	   1.559520e+02
   1.748874e+02	   1.465147e+02
   1.750875e+02	   1.361794e+02
   1.752876e+02	   1.250166e+02
   1.754877e+02	   1.131014e+02
   1.756878e+02	   1.005138e+02
   1.758879e+02	   8.733747e+01
   1.760880e+02	   7.365960e+01
   1.762881e+02	   5.957016e+01
   1.764882e+02	   4.516137e+01
   1.766883e+02	   3.052706e+01
   1.768884e+02	   1.576212e+01
   1.770885e+02	   9.618110e-01
   1.772886e+02	  -1.377877e+01
   1.774887e+02	  -2.836536e+01
   1.776888e+02	  -4.270509e+01
   1.778889e+02	  -5.670708e+01
   1.780890e+02	  -7.028305e+01
   1.782891e+02	  -8.334780e+01
   1.784892e+02	  -9.581983e+01
   1.786893e+02	  -1.076218e+02
   1.788894e+02	  -1.186809e+02
   1.790895e+02	  -1.289295e+02
   1.792896e+02	  -1.383056e+02
   1.794897e+02	  -1.467528e+02
   1.796898e+02	  -1.542210e+02
   1.798899e+02	  -1.606666e+02
   1.800900e+02	  -1.660529e+02
   1.802901e+02	  -1.703498e+02
   1.804902e+02	  -1.735347e+02
   1.806903e+02	  -1.755920e+02
   1.808904e+02	  -1.765135e+02
   1.810905e+02	  -1.762981e+02
   1.812906e+02	  -1.749522e+02
   1.814907e+02	  -1.724895e+02
   1.816908e+02	  -1.689305e+02
   1.818909e+02	  -1.643029e+02
   1.820910e+02	  -1.586410e+02
   1.822911e+02	  -1.519855e+02
   1.824912e+02	  -1.443835e+02
   1.826913e+02	  -1.358879e+02
   1.828914e+02	  -1.265569e+02
   1.830915e+02	  -1.164540e+02
   1.832916e+02	  -1.056474e+02
   1.834917e+02	  -9.420939e+01
   1.836918e+02	  -8.221602e+01
   1.838919e+02	  -6.974660e+01
   1.840920e+02	  -5.688313e+01
   1.842921e+02	  -4.370980e+01
   1.844922e+02	  -3.031241e+01
   1.846923e+02	  -1.677783e+01
   1.848924e+02	  -3.193428e+00
   1.850925e+02	   1.035347e+01
   1.852926e+02	   2.377616e+01
   1.854927e+02	   3.698911e+01
   1.856928e+02	   4.990848e+01
   1.858929e+02	   6.245269e+01
   1.860930e+02	   7.454290e+01
   1.862931e+02	   8.610353e+01
   1.864932e+02	   9.706268e+01
   1.866933e+02	   1.073527e+02
   1.868934e+02	   1.169103e+02
   1.870935e+02	   1.256774e+02
   1.872936e+02	   1.336012e+02
   1.874937e+02	   1.406343e+02
   1.876938e+02	   1.467355e+02
   1.878939e+02	   1.518696e+02
   1.880940e+02	   1.560077e+02
   1.882941e+02	   1.591274e+02
   1.884942e+02	   1.612131e+02
   1.886943e+02	   1.622558e+02
   1.888944e+02	   1.622530e+02
   1.890945e+02	   1.612093e+02
   1.892946e+02	   1.591356e+02
   1.894947e+02	   1.560496e+02
   1.896948e+02	   1.519753e+02
   1.898949e+02	   1.469429e+02
   1.900950e+02	   1.409887e+02
   1.902951e+02	   1.341548e+02
   1.904952e+02	   1.264885e+02
   1.906953e+02	   1.180425e+02
   1.908954e+02	   1.088742e+02
   1.910955e+02	   9.904530e+01
   1.912956e+02	   8.862166e+01
   1.914957e+02	   7.767251e+01
   1.916958e+02	   6.627024e+01
   1.918959e+02	   5.448982e+01
   1.920960e+02	   4.240833e+01
   1.922961e+02	   3.010446e+01
   1.924962e+02	   1.765803e+01
   1.926963e+02	   5.149395e+00
   1.928964e+02	  -7.340981e+00
   1.930965e+02	  -1.973310e+01
   1.932966e+02	  -3.194793e+01
   1.934967e+02	  -4.390787e+01
   1.936968e+02	  -5.553731e+01
   1.938969e+02	  -6.676303e+01
   1.940970e+02	  -7.751472e+01
   1.942971e+02	  -8.772539e+01
   1.944972e+02	  -9.733179e+01
   1.946973e+02	  -1.062748e+02
   1.948974e+02	  -1.144998e+02
   1.950975e+02	  -1.219569e+02
   1.952976e+02	  -1.286015e+02
   1.954977e+02	  -1.343943e+02
   1.956978e+02	  -1.393016e+02
   1.958979e+02	  -1.432955e+02
   1.960980e+02	  -1.463541e+02
   1.962981e+02	  -1.484616e+02
   1.964982e+02	  -1.496083e+02
   1.966983e+02	  -1.497907e+02
   1.968984e+02	  -1.490116e+02
   1.970985e+02	  -1.472798e+02
   1.972986e+02	  -1.446102e+02
   1.974987e+02	  -1.410238e+02
   1.976988e+02	  -1.365471e+02
   1.978989e+02	  -1.312125e+02
   1.980990e+02	  -1.250576e+02
   1.982991e+02	  -1.181251e+02
   1.984992e+02	  -1.104626e+02
   1.986993e+02	  -1.021221e+02
   1.988994e+02	  -9.315979e+01
   1.990995e+02	  -8.363555e+01
   1.992996e+02	  -7.361270e+01
   1.994997e+02	  -6.315746e+01
   1.996998e+02	  -5.233858e+01
   1.998999e+02	  -4.122684e+01
   2.001001e+02	  -2.989464e+01
   2.003002e+02	  -1.841547e+01
   2.005003e+02	  -6.863520e+00
   2.007004e+02	   4.686892e+00
   2.009005e+02	   1.616173e+01
   2.011006e+02	   2.748774e+01
   2.013007e+02	   3.859292e+01
   2.015008e+02	   4.940694e+01
   2.017009e+02	   5.986164e+01
   2.019010e+02	   6.989142e+01
   2.021011e+02	   7.943366e+01
   2.023012e+02	   8.842911e+01
   2.025013e+02	   9.682224e+01
   2.027014e+02	   1.045616e+02
   2.029015e+02	   1.116002e+02
   2.031016e+02	   1.178957e+02
   2.033017e+02	   1.234105e+02
   2.035018e+02	   1.281123e+02
   2.037019e+02	   1.319743e+02
   2.039020e+02	   1.349749e+02
   2.041021e+02	   1.370982e+02
   2.043022e+02	   1.383341e+02
   2.045023e+02	   1.386780e+02
   2.047024e+02	   1.381312e+02
   2.049025e+02	   1.367007e+02
   2.051026e+02	   1.343991e+02
   2.053027e+02	   1.312444e+02
   2.055028e+02	   1.272602e+02
   2.057029e+02	   1.224753e+02
   2.059030e+02	   1.169233e+02
   2.061031e+02	   1.106428e+02
   2.063032e+02	   1.036770e+02
   2.065033e+02	   9.607292e+01
   2.067034e+02	   8.788193e+01
   2.069035e+02	   7.915872e+01
   2.071036e+02	   6.996126e+01
   2.073037e+02	   6.035029e+01
   2.075038e+02	   5.038901e+01
   2.077039e+02	   4.014259e+01
   2.079040e+02	   2.967779e+01
   2.081041e+02	   1.906251e+01
   2.083042e+02	   8.365366e+00
   2.085043e+02	  -2.344779e+00
   2.087044e+02	  -1.299923e+01
   2.089045e+02	  -2.352993e+01
   2.091046e+02	  -3.386984e+01
   2.093047e+02	  -4.395342e+01
   2.095048e+02	  -5.371703e+01
   2.097049e+02	  -6.309929e+01
   2.099050e+02	  -7.204153e+01
   2.101051e+02	  -8.048809e+01
   2.103052e+02	  -8.838671e+01
   2.105053e+02	  -9.568885e+01
   2.107054e+02	  -1.023500e+02
   2.109055e+02	  -1.083297e+02
   2.111056e+02	  -1.135924e+02
   2.113057e+02	  -1.181071e+02
   2.115058e+02	  -1.218474e+02
   2.117059e+02	  -1.247925e+02
   2.119060e+02	  -1.269264e+02
   2.121061e+02	  -1.282385e+02
   2.123062e+02	  -1.287233e+02
   2.125063e+02	  -1.283811e+02
   2.127064e+02	  -1.272169e+02
   2.129065e+02	  -1.252413e+02
   2.131066e+02	  -1.224701e+02
   2.133067e+02	  -1.189239e+02
   2.135068e+02	  -1.146283e+02
   2.137069e+02	  -1.096137e+02
   2.139070e+02	  -1.039149e+02
   2.141071e+02	  -9.757084e+01
   2.143072e+02	  -9.062468e+01
   2.145073e+02	  -8.312313e+01
   2.147074e+02	  -7.511631e+01
   2.149075e+02	  -6.665740e+01
   2.151076e+02	  -5.780228e+01
   2.153077e+02	  -4.860915e+01
   2.155078e+02	  -3.913818e+01
   2.157079e+02	  -2.945108e+01
   2.159080e+02	  -1.961071e+01
   2.161081e+02	  -9.680714e+00
   2.163082e+02	   2.749627e-01
   2.165083e+02	   1.019242e+01
   2.167084e+02	   2.000826e+01
   2.169085e+02	   2.965993e+01
   2.171086e+02	   3.908620e+01
   2.173087e+02	   4.822749e+01
   2.175088e+02	   5.702626e+01
   2.177089e+02	   6.542737e+01
   2.179090e+02	   7.337844e+01
   2.181091e+02	   8.083016e+01
   2.183092e+02	   8.773660e+01
   2.185093e+02	   9.405548e+01
   2.187094e+02	   9.974845e+01
   2.189095e+02	   1.047813e+02
   2.191096e+02	   1.091242e+02
   2.193097e+02	   1.127517e+02
   2.195098e+02	   1.156433e+02
   2.197099e+02	   1.177831e+02
   2.199100e+02	   1.191600e+02
   2.201101e+02	   1.197681e+02
   2.203102e+02	   1.196061e+02
   2.205103e+02	   1.186780e+02
   2.207104e+02	   1.169923e+02
   2.209105e+02	   1.145626e+02
   2.211106e+02	   1.114073e+02
   2.213107e+02	   1.075490e+02
   2.215108e+02	   1.030150e+02
   2.217109e+02	   9.783688e+01
   2.219110e+02	   9.205003e+01
   2.221111e+02	   8.569374e+01
   2.223112e+02	   7.881077e+01
   2.225113e+02	   7.144710e+01
   2.227114e+02	   6.365162e+01
   2.229115e+02	   5.547584e+01
   2.231116e+02	   4.697349e+01
   2.233117e+02	   3.820020e+01
   2.235118e+02	   2.921317e+01
   2.237119e+02	   2.007072e+01
   2.239120e+02	   1.083200e+01
   2.241121e+02	   1.556545e+00
   2.243122e+02	  -7.696092e+00
   2.245123e+02	  -1.686670e+01
   2.247124e+02	  -2.589681e+01
   2.249125e+02	  -3.472907e+01
   2.251126e+02	  -4.330757e+01
   2.253127e+02	  -5.157825e+01
   2.255128e+02	  -5.948920e+01
   2.257129e+02	  -6.699101e+01
   2.259130e+02	  -7.403703e+01
   2.261131e+02	  -8.058373e+01
   2.263132e+02	  -8.659092e+01
   2.265133e+02	  -9.202200e+01
   2.267134e+02	  -9.684420e+01
   2.269135e+02	  -1.010287e+02
   2.271136e+02	  -1.045511e+02
   2.273137e+02	  -1.073909e+02
   2.275138e+02	  -1.095324e+02
   2.277139e+02	  -1.109644e+02
   2.279140e+02	  -1.116801e+02
   2.281141e+02	  -1.116774e+02
   2.283142e+02	  -1.109588e+02
   2.285143e+02	  -1.095315e+02
   2.287144e+02	  -1.074071e+02
   2.289145e+02	  -1.046016e+02
   2.291146e+02	  -1.011352e+02
   2.293147e+02	  -9.703265e+01
   2.295148e+02	  -9.232226e+01
   2.297149e+02	  -8.703637e+01
   2.299150e+02	  -8.121083e+01
   2.301151e+02	  -7.488483e+01
   2.303152e+02	  -6.810063e+01
   2.305153e+02	  -6.090328e+01
   2.307154e+02	  -5.334030e+01
   2.309155e+02	  -4.546141e+01
   2.311156e+02	  -3.731819e+01
   2.313157e+02	  -2.896370e+01
   2.315158e+02	  -2.045221e+01
   2.317159e+02	  -1.183877e+01
   2.319160e+02	  -3.178929e+00
   2.321161e+02	   5.471678e+00
   2.323162e+02	   1.405766e+01
   2.325163e+02	   2.252423e+01
   2.327164e+02	   3.081755e+01
   2.329165e+02	   3.888508e+01
   2.331166e+02	   4.667591e+01
   2.333167e+02	   5.414106e+01
   2.335168e+02	   6.123382e+01
   2.337169e+02	   6.791002e+01
   2.339170e+02	   7.412829e+01
   2.341171e+02	   7.985036e+01
   2.343172e+02	   8.504125e+01
   2.345173e+02	   8.966950e+01
   2.347174e+02	   9.370738e+01
   2.349175e+02	   9.713101e+01
   2.351176e+02	   9.992053e+01
   2.353177e+02	   1.020602e+02
   2.355178e+02	   1.035386e+02
   2.357179e+02	   1.043483e+02
   2.359180e+02	   1.044865e+02
   2.361181e+02	   1.039546e+02
   2.363182e+02	   1.027582e+02
   2.365183e+02	   1.009072e+02
   2.367184e+02	   9.841573e+01
   2.369185e+02	   9.530181e+01
   2.371186e+02	   9.158751e+01
   2.373187e+02	   8.729864e+01
   2.375188e+02	   8.246460e+01
   2.377189e+02	   7.711818e+01
   2.379190e+02	   7.129535e+01
   2.381191e+02	   6.503500e+01
   2.383192e+02	   5.837869e+01
   2.385193e+02	   5.137039e+01
   2.387194e+02	   4.405616e+01
   2.389195e+02	   3.648389e+01
   2.391196e+02	   2.870294e+01
   2.393197e+02	   2.076386e+01
   2.395198e+02	   1.271801e+01
   2.397199e+02	   4.617313e+00
   2.399200e+02	  -3.486167e+00
   2.401201e+02	  -1.154051e+01
   2.403202e+02	  -1.949427e+01
   2.405203e+02	  -2.729684e+01
   2.407204e+02	  -3.489873e+01
   2.409205e+02	  -4.225190e+01
   2.411206e+02	  -4.931007e+01
   2.413207e+02	  -5.602900e+01
   2.415208e+02	  -6.236675e+01
   2.417209e+02	  -6.828400e+01
   2.419210e+02	  -7.374421e+01
   2.421211e+02	  -7.871390e+01
   2.423212e+02	  -8.316285e+01
   2.425213e+02	  -8.706427e+01
   2.427214e+02	  -9.039496e+01
   2.429215e+02	  -9.313546e+01
   2.431216e+02	  -9.527013e+01
   2.433217e+02	  -9.678729e+01
   2.435218e+02	  -9.767923e+01
   2.437219e+02	  -9.794229e+01
   2.439220e+02	  -9.757682e+01
   2.441221e+02	  -9.658721e+01
   2.443222e+02	  -9.498185e+01
   2.445223e+02	  -9.277300e+01
   2.447224e+02	  -8.997680e+01
   2.449225e+02	  -8.661305e+01
   2.451226e+02	  -8.270515e+01
   2.453227e+02	  -7.827989e+01
   2.455228e+02	  -7.336730e+01
   2.457229e+02	  -6.800043e+01
   2.459230e+02	  -6.221512e+01
   2.461231e+02	  -5.604978e+01
   2.463232e+02	  -4.954514e+01
   2.465233e+02	  -4.274397e+01
   2.467234e+02	  -3.569077e+01
   2.469235e+02	  -2.843155e+01
   2.471236e+02	  -2.101347e+01
   2.473237e+02	  -1.348455e+01
   2.475238e+02	  -5.893389e+00
   2.477239e+02	   1.711196e+00
   2.479240e+02	   9.280446e+00
   2.481241e+02	   1.676599e+01
   2.483242e+02	   2.412015e+01
   2.485243e+02	   3.129623e+01
   2.487244e+02	   3.824884e+01
   2.489245e+02	   4.493415e+01
   2.491246e+02	   5.131020e+01
   2.493247e+02	   5.733714e+01
   2.495248e+02	   6.297746e+01
   2.497249e+02	   6.819627e+01
   2.499250e+02	   7.296149e+01
   2.501251e+02	   7.724404e+01
   2.503252e+02	   8.101800e+01
   2.505253e+02	   8.426084e+01
   2.507254e+02	   8.695346e+01
   2.509255e+02	   8.908036e+01
   2.511256e+02	   9.062971e+01
   2.513257e+02	   9.159341e+01
   2.515258e+02	   9.196714e+01
   2.517259e+02	   9.175038e+01
   2.519260e+02	   9.094637e+01
   2.521261e+02	   8.956213e+01
   2.523262e+02	   8.760834e+01
   2.525263e+02	   8.509933e+01
   2.527264e+02	   8.205290e+01
   2.529265e+02	   7.849027e+01
   2.531266e+02	   7.443587e+01
   2.533267e+02	   6.991722e+01
   2.535268e+02	   6.496472e+01
   2.537269e+02	   5.961145e+01
   2.539270e+02	   5.389297e+01
   2.541271e+02	   4.784704e+01
   2.543272e+02	   4.151341e+01
   2.545273e+02	   3.493355e+01
   2.547274e+02	   2.815038e+01
   2.549275e+02	   2.120798e+01
   2.551276e+02	   1.415131e+01
   2.553277e+02	   7.025930e+00
   2.555278e+02	  -1.223070e-01
   2.557279e+02	  -7.247544e+00
   2.559280e+02	  -1.430422e+01
   2.561281e+02	  -2.124733e+01
   2.563282e+02	  -2.803278e+01
   2.565283e+02	  -3.461758e+01
   2.567284e+02	  -4.096018e+01
   2.569285e+02	  -4.702071e+01
   2.571286e+02	  -5.276122e+01
   2.573287e+02	  -5.814593e+01
   2.575288e+02	  -6.314145e+01
   2.577289e+02	  -6.771700e+01
   2.579290e+02	  -7.184454e+01
   2.581291e+02	  -7.549904e+01
   2.583292e+02	  -7.865855e+01
   2.585293e+02	  -8.130434e+01
   2.587294e+02	  -8.342105e+01
   2.589295e+02	  -8.499676e+01
   2.591296e+02	  -8.602303e+01
   2.593297e+02	  -8.649498e+01
   2.595298e+02	  -8.641128e+01
   2.597299e+02	  -8.577417e+01
   2.599300e+02	  -8.458943e+01
   2.601301e+02	  -8.286632e+01
   2.603302e+02	  -8.061753e+01
   2.605303e+02	  -7.785906e+01
   2.607304e+02	  -7.461015e+01
   2.609305e+02	  -7.089308e+01
   2.611306e+02	  -6.673311e+01
   2.613307e+02	  -6.215822e+01
   2.615308e+02	  -5.719898e+01
   2.617309e+02	  -5.188831e+01
   2.619310e+02	  -4.626131e+01
   2.621311e+02	  -4.035498e+01
   2.623312e+02	  -3.420798e+01
   2.625313e+02	  -2.786042e+01
   2.627314e+02	  -2.135357e+01
   2.629315e+02	  -1.472958e+01
   2.631316e+02	  -8.031235e+00
   2.633317e+02	  -1.301654e+00
   2.635318e+02	   5.415964e+00
   2.637319e+02	   1.207863e+01
   2.639320e+02	   1.864383e+01
   2.641321e+02	   2.506983e+01
   2.643322e+02	   3.131587e+01
   2.645323e+02	   3.734249e+01
   2.647324e+02	   4.311176e+01
   2.649325e+02	   4.858751e+01
   2.651326e+02	   5.373553e+01
   2.653327e+02	   5.852384e+01
   2.655328e+02	   6.292286e+01
   2.657329e+02	   6.690558e+01
   2.659330e+02	   7.044773e+01
   2.661331e+02	   7.352794e+01
   2.663332e+02	   7.612788e+01
   2.665333e+02	   7.823232e+01
   2.667334e+02	   7.982926e+01
   2.669335e+02	   8.090999e+01
   2.671336e+02	   8.146913e+01
   2.673337e+02	   8.150465e+01
   2.675338e+02	   8.101788e+01
   2.677339e+02	   8.001350e+01
   2.679340e+02	   7.849947e+01
   2.681341e+02	   7.648700e+01
   2.683342e+02	   7.399046e+01
   2.685343e+02	   7.102728e+01
   2.687344e+02	   6.761782e+01
   2.689345e+02	   6.378523e+01
   2.691346e+02	   5.955531e+01
   2.693347e+02	   5.495634e+01
   2.695348e+02	   5.001884e+01
   2.697349e+02	   4.477546e+01
   2.699350e+02	   3.926066e+01
   2.701351e+02	   3.351056e+01
   2.703352e+02	   2.756270e+01
   2.705353e+02	   2.145574e+01
   2.707354e+02	   1.522926e+01
   2.709355e+02	   8.923487e+00
   2.711356e+02	   2.579046e+00
   2.713357e+02	  -3.763320e+00
   2.715358e+02	  -1.006300e+01
   2.717359e+02	  -1.627977e+01
   2.719360e+02	  -2.237406e+01
   2.721361e+02	  -2.830720e+01
   2.723362e+02	  -3.404166e+01
   2.725363e+02	  -3.954129e+01
   2.727364e+02	  -4.477157e+01
   2.729365e+02	  -4.969978e+01
   2.731366e+02	  -5.429523e+01
   2.733367e+02	  -5.852948e+01
   2.735368e+02	  -6.237644e+01
   2.737369e+02	  -6.581262e+01
   2.739370e+02	  -6.881720e+01
   2.741371e+02	  -7.137219e+01
   2.743372e+02	  -7.346253e+01
   2.745373e+02	  -7.507619e+01
   2.747374e+02	  -7.620421e+01
   2.749375e+02	  -7.684078e+01
   2.751376e+02	  -7.698324e+01
   2.753377e+02	  -7.663211e+01
   2.755378e+02	  -7.579106e+01
   2.757379e+02	  -7.446690e+01
   2.759380e+02	  -7.266950e+01
   2.761381e+02	  -7.041174e+01
   2.763382e+02	  -6.770940e+01
   2.765383e+02	  -6.458107e+01
   2.767384e+02	  -6.104801e+01
   2.769385e+02	  -5.713402e+01
   2.771386e+02	  -5.286524e+01
   2.773387e+02	  -4.827005e+01
   2.775388e+02	  -4.337880e+01
   2.777389e+02	  -3.822367e+01
   2.779390e+02	  -3.283842e+01
   2.781391e+02	  -2.725821e+01
   2.783392e+02	  -2.151934e+01
   2.785393e+02	  -1.565899e+01
   2.787394e+02	  -9.715066e+00
   2.789395e+02	  -3.725855e+00
   2.791396e+02	   2.270153e+00
   2.793397e+02	   8.234540e+00
   2.795398e+02	   1.412920e+01
   2.797399e+02	   1.991658e+01
   2.799400e+02	   2.555993e+01
   2.801401e+02	   3.102351e+01
   2.803402e+02	   3.627284e+01
   2.805403e+02	   4.127492e+01
   2.807404e+02	   4.599842e+01
   2.809405e+02	   5.041387e+01
   2.811406e+02	   5.449387e+01
   2.813407e+02	   5.821325e+01
   2.815408e+02	   6.154920e+01
   2.817409e+02	   6.448145e+01
   2.819410e+02	   6.699236e+01
   2.821411e+02	   6.906704e+01
   2.823412e+02	   7.069343e+01
   2.825413e+02	   7.186238e+01
   2.827414e+02	   7.256770e+01
   2.829415e+02	   7.280617e+01
   2.831416e+02	   7.257758e+01
   2.833417e+02	   7.188471e+01
   2.835418e+02	   7.073330e+01
   2.837419e+02	   6.913201e+01
   2.839420e+02	   6.709236e+01
   2.841421e+02	   6.462864e+01
   2.843422e+02	   6.175781e+01
   2.845423e+02	   5.849940e+01
   2.847424e+02	   5.487536e+01
   2.849425e+02	   5.090992e+01
   2.851426e+02	   4.662943e+01
   2.853427e+02	   4.206218e+01
   2.855428e+02	   3.723822e+01
   2.857429e+02	   3.218916e+01
   2.859430e+02	   2.694795e+01
   2.861431e+02	   2.154869e+01
   2.863432e+02	   1.602641e+01
   2.865433e+02	   1.041680e+01
   2.867434e+02	   4.756037e+00
   2.869435e+02	  -9.194928e-01
   2.871436e+02	  -6.573402e+00
   2.873437e+02	  -1.216954e+01
   2.875438e+02	  -1.767224e+01
   2.877439e+02	  -2.304652e+01
   2.879440e+02	  -2.825831e+01
   2.881441e+02	  -3.327470e+01
   2.883442e+02	  -3.806409e+01
   2.885443e+02	  -4.259645e+01
   2.887444e+02	  -4.684346e+01
   2.889445e+02	  -5.077870e+01
   2.891446e+02	  -5.437785e+01
   2.893447e+02	  -5.761878e+01
   2.895448e+02	  -6.048171e+01
   2.897449e+02	  -6.294936e+01
   2.899450e+02	  -6.500701e+01
   2.901451e+02	  -6.664261e+01
   2.903452e+02	  -6.784684e+01
   2.905453e+02	  -6.861318e+01
   2.907454e+02	  -6.893791e+01
   2.909455e+02	  -6.882018e+01
   2.911456e+02	  -6.826194e+01
   2.913457e+02	  -6.726797e+01
   2.915458e+02	  -6.584583e+01
   2.917459e+02	  -6.400580e+01
   2.919460e+02	  -6.176080e+01
   2.921461e+02	  -5.912631e+01
   2.923462e+02	  -5.612026e+01
   2.925463e+02	  -5.276291e+01
   2.927464e+02	  -4.907673e+01
   2.929465e+02	  -4.508620e+01
   2.931466e+02	  -4.081772e+01
   2.933467e+02	  -3.629936e+01
   2.935468e+02	  -3.156075e+01
   2.937469e+02	  -2.663282e+01
   2.939470e+02	  -2.154764e+01
   2.941471e+02	  -1.633820e+01
   2.943472e+02	  -1.103820e+01
   2.945473e+02	  -5.681816e+00
   2.947474e+02	  -3.035086e-01
   2.949475e+02	   5.062227e+00
   2.951476e+02	   1.038106e+01
   2.953477e+02	   1.561907e+01
   2.955478e+02	   2.074292e+01
   2.957479e+02	   2.572012e+01
   2.959480e+02	   3.051918e+01
   2.961481e+02	   3.510986e+01
   2.963482e+02	   3.946331e+01
   2.965483e+02	   4.355231e+01
   2.967484e+02	   4.735137e+01
   2.969485e+02	   5.083695e+01
   2.971486e+02	   5.398757e+01
   2.973487e+02	   5.678395e+01
   2.975488e+02	   5.920913e+01
   2.977489e+02	   6.124858e+01
   2.979490e+02	   6.289028e+01
   2.981491e+02	   6.412476e+01
   2.983492e+02	   6.494522e+01
   2.985493e+02	   6.534751e+01
   2.987494e+02	   6.533016e+01
   2.989495e+02	   6.489441e+01
   2.991496e+02	   6.404415e+01
   2.993497e+02	   6.278595e+01
   2.995498e+02	   6.112894e+01
   2.997499e+02	   5.908480e+01
   2.999500e+02	   5.666763e+01
   3.001501e+02	   5.389392e+01
   3.003502e+02	   5.078236e+01
   3.005503e+02	   4.735378e+01
   3.007504e+02	   4.363097e+01
   3.009505e+02	   3.963855e+01
   3.011506e+02	   3.540280e+01
   3.013507e+02	   3.095148e+01
   3.015508e+02	   2.631368e+01
   3.017509e+02	   2.151957e+01
   3.019510e+02	   1.660027e+01
   3.021511e+02	   1.158761e+01
   3.023512e+02	   6.513927e+00
   3.025513e+02	   1.411880e+00
   3.027514e+02	  -3.685792e+00
   3.029515e+02	  -8.746457e+00
   3.031516e+02	  -1.373781e+01
   3.033517e+02	  -1.862807e+01
   3.035518e+02	  -2.338618e+01
   3.037519e+02	  -2.798204e+01
   3.039520e+02	  -3.238663e+01
   3.041521e+02	  -3.657226e+01
   3.043522e+02	  -4.051269e+01
   3.045523e+02	  -4.418334e+01
   3.047524e+02	  -4.756140e+01
   3.049525e+02	  -5.062602e+01
   3.051526e+02	  -5.335838e+01
   3.053527e+02	  -5.574186e+01
   3.055528e+02	  -5.776211e+01
   3.057529e+02	  -5.940714e+01
   3.059530e+02	  -6.066740e+01
   3.061531e+02	  -6.153580e+01
   3.063532e+02	  -6.200783e+01
   3.065533e+02	  -6.208147e+01
   3.067534e+02	  -6.175730e+01
   3.069535e+02	  -6.103843e+01
   3.071536e+02	  -5.993048e+01
   3.073537e+02	  -5.844156e+01
   3.075538e+02	  -5.658218e+01
   3.077539e+02	  -5.436522e+01
   3.079540e+02	  -5.180580e+01
   3.081541e+02	  -4.892118e+01
   3.083542e+02	  -4.573069e+01
   3.085543e+02	  -4.225554e+01
   3.087544e+02	  -3.851871e+01
   3.089545e+02	  -3.454481e+01
   3.091546e+02	  -3.035990e+01
   3.093547e+02	  -2.599132e+01
   3.095548e+02	  -2.146751e+01
   3.097549e+02	  -1.681783e+01
   3.099550e+02	  -1.207240e+01
   3.101551e+02	  -7.261823e+00
   3.103552e+02	  -2.417086e+00
   3.105553e+02	   2.430707e+00
   3.107554e+02	   7.250506e+00
   3.109555e+02	   1.201152e+01
   3.111556e+02	   1.668342e+01
   3.113557e+02	   2.123652e+01
   3.115558e+02	   2.564196e+01
   3.117559e+02	   2.987192e+01
   3.119560e+02	   3.389977e+01
   3.121561e+02	   3.770021e+01
   3.123562e+02	   4.124951e+01
   3.125563e+02	   4.452558e+01
   3.127564e+02	   4.750814e+01
   3.129565e+02	   5.017883e+01
   3.131566e+02	   5.252135e+01
   3.133567e+02	   5.452155e+01
   3.135568e+02	   5.616747e+01
   3.137569e+02	   5.744948e+01
   3.139570e+02	   5.836031e+01
   3.141571e+02	   5.889505e+01
   3.143572e+02	   5.905123e+01
   3.145573e+02	   5.882883e+01
   3.147574e+02	   5.823022e+01
   3.149575e+02	   5.726018e+01
   3.151576e+02	   5.592587e+01
   3.153577e+02	   5.423675e+01
   3.155578e+02	   5.220454e+01
   3.157579e+02	   4.984311e+01
   3.159580e+02	   4.716841e+01
   3.161581e+02	   4.419836e+01
   3.163582e+02	   4.095272e+01
   3.165583e+02	   3.745297e+01
   3.167584e+02	   3.372215e+01
   3.169585e+02	   2.978473e+01
   3.171586e+02	   2.566646e+01
   3.173587e+02	   2.139414e+01
   3.175588e+02	   1.699551e+01
   3.177589e+02	   1.249907e+01
   3.179590e+02	   7.933850e+00
   3.181591e+02	   3.329245e+00
   3.183592e+02	  -1.285159e+00
   3.185593e+02	  -5.879793e+00
   3.187594e+02	  -1.042529e+01
   3.189595e+02	  -1.489266e+01
   3.191596e+02	  -1.925350e+01
   3.193597e+02	  -2.348016e+01
   3.195598e+02	  -2.754591e+01
   3.197599e+02	  -3.142511e+01
   3.199600e+02	  -3.509339e+01
   3.201601e+02	  -3.852780e+01
   3.203602e+02	  -4.170692e+01
   3.205603e+02	  -4.461103e+01
   3.207604e+02	  -4.722222e+01
   3.209605e+02	  -4.952451e+01
   3.211606e+02	  -5.150391e+01
   3.213607e+02	  -5.314856e+01
   3.215608e+02	  -5.444875e+01
   3.217609e+02	  -5.539702e+01
   3.219610e+02	  -5.598816e+01
   3.221611e+02	  -5.621927e+01
   3.223612e+02	  -5.608977e+01
   3.225613e+02	  -5.560137e+01
   3.227614e+02	  -5.475810e+01
   3.229615e+02	  -5.356621e+01
   3.231616e+02	  -5.203422e+01
   3.233617e+02	  -5.017275e+01
   3.235618e+02	  -4.799456e+01
   3.237619e+02	  -4.551435e+01
   3.239620e+02	  -4.274876e+01
   3.241621e+02	  -3.971619e+01
   3.243622e+02	  -3.643672e+01
   3.245623e+02	  -3.293196e+01
   3.247624e+02	  -2.922489e+01
   3.249625e+02	  -2.533974e+01
   3.251626e+02	  -2.130184e+01
   3.253627e+02	  -1.713740e+01
   3.255628e+02	  -1.287340e+01
   3.257629e+02	  -8.537394e+00
   3.259630e+02	  -4.157309e+00
   3.261631e+02	   2.387005e-01
   3.263632e+02	   4.622448e+00
   3.265633e+02	   8.965896e+00
   3.267634e+02	   1.324133e+01
   3.269635e+02	   1.742155e+01
   3.271636e+02	   2.148002e+01
   3.273637e+02	   2.539105e+01
   3.275638e+02	   2.912995e+01
   3.277639e+02	   3.267322e+01
   3.279640e+02	   3.599863e+01
   3.281641e+02	   3.908543e+01
   3.283642e+02	   4.191443e+01
   3.285643e+02	   4.446815e+01
   3.287644e+02	   4.673089e+01
   3.289645e+02	   4.868889e+01
   3.291646e+02	   5.033034e+01
   3.293647e+02	   5.164550e+01
   3.295648e+02	   5.262674e+01
   3.297649e+02	   5.326858e+01
   3.299650e+02	   5.356774e+01
   3.301651e+02	   5.352312e+01
   3.303652e+02	   5.313585e+01
   3.305653e+02	   5.240923e+01
   3.307654e+02	   5.134872e+01
   3.309655e+02	   4.996194e+01
   3.311656e+02	   4.825853e+01
   3.313657e+02	   4.625017e+01
   3.315658e+02	   4.395045e+01
   3.317659e+02	   4.137480e+01
   3.319660e+02	   3.854036e+01
   3.321661e+02	   3.546592e+01
   3.323662e+02	   3.217172e+01
   3.325663e+02	   2.867939e+01
   3.327664e+02	   2.501176e+01
   3.329665e+02	   2.119273e+01
   3.331666e+02	   1.724713e+01
   3.333667e+02	   1.320050e+01
   3.335668e+02	   9.079010e+00
   3.337669e+02	   4.909218e+00
   3.339670e+02	   7.179376e-01
   3.341671e+02	  -3.467944e+00
   3.343672e+02	  -7.621640e+00
   3.345673e+02	  -1.171663e+01
   3.347674e+02	  -1.572685e+01
   3.349675e+02	  -1.962680e+01
   3.351676e+02	  -2.339180e+01
   3.353677e+02	  -2.699805e+01
   3.355678e+02	  -3.042284e+01
   3.357679e+02	  -3.364468e+01
   3.359680e+02	  -3.664341e+01
   3.361681e+02	  -3.940038e+01
   3.363682e+02	  -4.189850e+01
   3.365683e+02	  -4.412240e+01
   3.367684e+02	  -4.605847e+01
   3.369685e+02	  -4.769502e+01
   3.371686e+02	  -4.902226e+01
   3.373687e+02	  -5.003244e+01
   3.375688e+02	  -5.071983e+01
   3.377689e+02	  -5.108080e+01
   3.379690e+02	  -5.111380e+01
   3.381691e+02	  -5.081941e+01
   3.383692e+02	  -5.020027e+01
   3.385693e+02	  -4.926111e+01
   3.387694e+02	  -4.800871e+01
   3.389695e+02	  -4.645181e+01
   3.391696e+02	  -4.460110e+01
   3.393697e+02	  -4.246912e+01
   3.395698e+02	  -4.007018e+01
   3.397699e+02	  -3.742027e+01
   3.399700e+02	  -3.453695e+01
   3.401701e+02	  -3.143921e+01
   3.403702e+02	  -2.814739e+01
   3.405703e+02	  -2.468304e+01
   3.407704e+02	  -2.106872e+01
   3.409705e+02	  -1.732793e+01
   3.411706e+02	  -1.348492e+01
   3.413707e+02	  -9.564525e+00
   3.415708e+02	  -5.592032e+00
   3.417709e+02	  -1.592995e+00
   3.419710e+02	   2.406922e+00
   3.421711e+02	   6.382108e+00
   3.423712e+02	   1.030717e+01
   3.425713e+02	   1.415709e+01
   3.427714e+02	   1.790741e+01
   3.429715e+02	   2.153433e+01
   3.431716e+02	   2.501493e+01
   3.433717e+02	   2.832726e+01
   3.435718e+02	   3.145051e+01
   3.437719e+02	   3.436511e+01
   3.439720e+02	   3.705290e+01
   3.441721e+02	   3.949719e+01
   3.443722e+02	   4.168289e+01
   3.445723e+02	   4.359662e+01
   3.447724e+02	   4.522674e+01
   3.449725e+02	   4.656348e+01
   3.451726e+02	   4.759896e+01
   3.453727e+02	   4.832724e+01
   3.455728e+02	   4.874437e+01
   3.457729e+02	   4.884839e+01
   3.459730e+02	   4.863938e+01
   3.461731e+02	   4.811937e+01
   3.463732e+02	   4.729242e+01
   3.465733e+02	   4.616454e+01
   3.467734e+02	   4.474362e+01
   3.469735e+02	   4.303946e+01
   3.471736e+02	   4.106359e+01
   3.473737e+02	   3.882931e+01
   3.475738e+02	   3.635151e+01
   3.477739e+02	   3.364660e+01
   3.479740e+02	   3.073244e+01
   3.481741e+02	   2.762815e+01
   3.483742e+02	   2.435404e+01
   3.485743e+02	   2.093147e+01
   3.487744e+02	   1.738269e+01
   3.489745e+02	   1.373071e+01
   3.491746e+02	   9.999133e+00
   3.493747e+02	   6.212045e+00
   3.495748e+02	   2.393816e+00
   3.497749e+02	  -1.431040e+00
   3.499750e+02	  -5.238018e+00
   3.501751e+02	  -9.002788e+00
   3.503752e+02	  -1.270134e+01
   3.505753e+02	  -1.631015e+01
   3.507754e+02	  -1.980632e+01
   3.509755e+02	  -2.316771e+01
   3.511756e+02	  -2.637312e+01
   3.513757e+02	  -2.940237e+01
   3.515758e+02	  -3.223648e+01
   3.517759e+02	  -3.485774e+01
   3.519760e+02	  -3.724985e+01
   3.521761e+02	  -3.939801e+01
   3.523762e+02	  -4.128903e+01
   3.525763e+02	  -4.291139e+01
   3.527764e+02	  -4.425529e+01
   3.529765e+02	  -4.531277e+01
   3.531766e+02	  -4.607771e+01
   3.533767e+02	  -4.654587e+01
   3.535768e+02	  -4.671491e+01
   3.537769e+02	  -4.658444e+01
   3.539770e+02	  -4.615596e+01
   3.541771e+02	  -4.543289e+01
   3.543772e+02	  -4.442052e+01
   3.545773e+02	  -4.312599e+01
   3.547774e+02	  -4.155821e+01
   3.549775e+02	  -3.972783e+01
   3.551776e+02	  -3.764718e+01
   3.553777e+02	  -3.533012e+01
   3.555778e+02	  -3.279202e+01
   3.557779e+02	  -3.004963e+01
   3.559780e+02	  -2.712097e+01
   3.561781e+02	  -2.402519e+01
   3.563782e+02	  -2.078250e+01
   3.565783e+02	  -1.741398e+01
   3.567784e+02	  -1.394149e+01
   3.569785e+02	  -1.038747e+01
   3.571786e+02	  -6.774878e+00
   3.573787e+02	  -3.126962e+00
   3.575788e+02	   5.328433e-01
   3.577789e+02	   4.181080e+00
   3.579790e+02	   7.794417e+00
   3.581791e+02	   1.134980e+01
   3.583792e+02	   1.482460e+01
   3.585793e+02	   1.819674e+01
   3.587794e+02	   2.144487e+01
   3.589795e+02	   2.454846e+01
   3.591796e+02	   2.748797e+01
   3.593797e+02	   3.024495e+01
   3.595798e+02	   3.280214e+01
   3.597799e+02	   3.514363e+01
   3.599800e+02	   3.725489e+01
   3.601801e+02	   3.912293e+01
   3.603802e+02	   4.073631e+01
   3.605803e+02	   4.208528e+01
   3.607804e+02	   4.316179e+01
   3.609805e+02	   4.395954e+01
   3.611806e+02	   4.447404e+01
   3.613807e+02	   4.470263e+01
   3.615808e+02	   4.464448e+01
   3.617809e+02	   4.430058e+01
   3.619810e+02	   4.367377e+01
   3.621811e+02	   4.276868e+01
   3.623812e+02	   4.159173e+01
   3.625813e+02	   4.015105e+01
   3.627814e+02	   3.845643e+01
   3.629815e+02	   3.651930e+01
   3.631816e+02	   3.435257e+01
   3.633817e+02	   3.197063e+01
   3.635818e+02	   2.938920e+01
   3.637819e+02	   2.662525e+01
   3.639820e+02	   2.369686e+01
   3.641821e+02	   2.062315e+01
   3.643822e+02	   1.742411e+01
   3.645823e+02	   1.412050e+01
   3.647824e+02	   1.073370e+01
   3.649825e+02	   7.285562e+00
   3.651826e+02	   3.798307e+00
   3.653827e+02	   2.943414e-01
   3.655828e+02	  -3.203865e+00
   3.657829e+02	  -6.673930e+00
   3.659830e+02	  -1.009370e+01
   3.661831e+02	  -1.344139e+01
   3.663832e+02	  -1.669572e+01
   3.665833e+02	  -1.983607e+01
   3.667834e+02	  -2.284258e+01
   3.669835e+02	  -2.569629e+01
   3.671836e+02	  -2.837926e+01
   3.673837e+02	  -3.087470e+01
   3.675838e+02	  -3.316702e+01
   3.677839e+02	  -3.524200e+01
   3.679840e+02	  -3.708683e+01
   3.681841e+02	  -3.869018e+01
   3.683842e+02	  -4.004233e+01
   3.685843e+02	  -4.113515e+01
   3.687844e+02	  -4.196222e+01
   3.689845e+02	  -4.251881e+01
   3.691846e+02	  -4.280195e+01
   3.693847e+02	  -4.281040e+01
   3.695848e+02	  -4.254473e+01
   3.697849e+02	  -4.200720e+01
   3.699850e+02	  -4.120186e+01
   3.701851e+02	  -4.013443e+01
   3.703852e+02	  -3.881232e+01
   3.705853e+02	  -3.724453e+01
   3.707854e+02	  -3.544164e+01
   3.709855e+02	  -3.341569e+01
   3.711856e+02	  -3.118013e+01
   3.713857e+02	  -2.874972e+01
   3.715858e+02	  -2.614044e+01
   3.717859e+02	  -2.336937e+01
   3.719860e+02	  -2.045462e+01
   3.721861e+02	  -1.741514e+01
   3.723862e+02	  -1.427065e+01
   3.725863e+02	  -1.104153e+01
   3.727864e+02	  -7.748612e+00
   3.729865e+02	  -4.413123e+00
   3.731866e+02	  -1.056504e+00
   3.733867e+02	   2.299708e+00
   3.735868e+02	   5.634031e+00
   3.737869e+02	   8.925163e+00
   3.739870e+02	   1.215213e+01
   3.741871e+02	   1.529441e+01
   3.743872e+02	   1.833206e+01
   3.745873e+02	   2.124586e+01
   3.747874e+02	   2.401742e+01
   3.749875e+02	   2.662931e+01
   3.751876e+02	   2.906514e+01
   3.753877e+02	   3.130968e+01
   3.755878e+02	   3.334898e+01
   3.757879e+02	   3.517043e+01
   3.759880e+02	   3.676281e+01
   3.761881e+02	   3.811642e+01
   3.763882e+02	   3.922311e+01
   3.765883e+02	   4.007630e+01
   3.767884e+02	   4.067109e+01
   3.769885e+02	   4.100420e+01
   3.771886e+02	   4.107405e+01
   3.773887e+02	   4.088077e+01
   3.775888e+02	   4.042613e+01
   3.777889e+02	   3.971361e+01
   3.779890e+02	   3.874830e+01
   3.781891e+02	   3.753693e+01
   3.783892e+02	   3.608777e+01
   3.785893e+02	   3.441059e+01
   3.787894e+02	   3.251661e+01
   3.789895e+02	   3.041842e+01
   3.791896e+02	   2.812987e+01
   3.793897e+02	   2.566603e+01
   3.795898e+02	   2.304302e+01
   3.797899e+02	   2.027798e+01
   3.799900e+02	   1.738891e+01
   3.801901e+02	   1.439455e+01
   3.803902e+02	   1.131431e+01
   3.805903e+02	   8.168086e+00
   3.807904e+02	   4.976149e+00
   3.809905e+02	   1.759033e+00
   3.811906e+02	  -1.462613e+00
   3.813907e+02	  -4.668156e+00
   3.815908e+02	  -7.837108e+00
   3.817909e+02	  -1.094926e+01
   3.819910e+02	  -1.398480e+01
   3.821911e+02	  -1.692447e+01
   3.823912e+02	  -1.974964e+01
   3.825913e+02	  -2.244246e+01
   3.827914e+02	  -2.498598e+01
   3.829915e+02	  -2.736421e+01
   3.831916e+02	  -2.956229e+01
   3.833917e+02	  -3.156650e+01
   3.835918e+02	  -3.336444e+01
   3.837919e+02	  -3.494501e+01
   3.839920e+02	  -3.629855e+01
   3.841921e+02	  -3.741686e+01
   3.843922e+02	  -3.829328e+01
   3.845923e+02	  -3.892269e+01
   3.847924e+02	  -3.930159e+01
   3.849925e+02	  -3.942805e+01
   3.851926e+02	  -3.930181e+01
   3.853927e+02	  -3.892418e+01
   3.855928e+02	  -3.829811e+01
   3.857929e+02	  -3.742812e+01
   3.859930e+02	  -3.632028e+01
   3.861931e+02	  -3.498218e+01
   3.863932e+02	  -3.342285e+01
   3.865933e+02	  -3.165275e+01
   3.867934e+02	  -2.968363e+01
   3.869935e+02	  -2.752850e+01
   3.871936e+02	  -2.520156e+01
   3.873937e+02	  -2.271806e+01
   3.875938e+02	  -2.009420e+01
   3.877939e+02	  -1.734708e+01
   3.879940e+02	  -1.449454e+01
   3.881941e+02	  -1.155506e+01
   3.883942e+02	  -8.547636e+00
   3.885943e+02	  -5.491655e+00
   3.887944e+02	  -2.406782e+00
   3.889945e+02	   6.871742e-01
   3.891946e+02	   3.770388e+00
   3.893947e+02	   6.823144e+00
   3.895948e+02	   9.825962e+00
   3.897949e+02	   1.275972e+01
   3.899950e+02	   1.560578e+01
   3.901951e+02	   1.834610e+01
   3.903952e+02	   2.096335e+01
   3.905953e+02	   2.344104e+01
   3.907954e+02	   2.576358e+01
   3.909955e+02	   2.791642e+01
   3.911956e+02	   2.988614e+01
   3.913957e+02	   3.166048e+01
   3.915958e+02	   3.322849e+01
   3.917959e+02	   3.458056e+01
   3.919960e+02	   3.570847e+01
   3.921961e+02	   3.660545e+01
   3.923962e+02	   3.726624e+01
   3.925963e+02	   3.768707e+01
   3.927964e+02	   3.786575e+01
   3.929965e+02	   3.780163e+01
   3.931966e+02	   3.749560e+01
   3.933967e+02	   3.695012e+01
   3.935968e+02	   3.616916e+01
   3.937969e+02	   3.515821e+01
   3.939970e+02	   3.392420e+01
   3.941971e+02	   3.247548e+01
   3.943972e+02	   3.082175e+01
   3.945973e+02	   2.897403e+01
   3.947974e+02	   2.694454e+01
   3.949975e+02	   2.474662e+01
   3.951976e+02	   2.239470e+01
   3.953977e+02	   1.990414e+01
   3.955978e+02	   1.729116e+01
   3.957979e+02	   1.457274e+01
   3.959980e+02	   1.176649e+01
   3.961981e+02	   8.890562e+00
   3.963982e+02	   5.963495e+00
   3.965983e+02	   3.004134e+00
   3.967984e+02	   3.148976e-02
   3.969985e+02	  -2.935382e+00
   3.971986e+02	  -5.877499e+00
   3.973987e+02	  -8.776078e+00
   3.975988e+02	  -1.161265e+01
   3.977989e+02	  -1.436918e+01
   3.979990e+02	  -1.702818e+01
   3.981991e+02	  -1.957283e+01
   3.983992e+02	  -2.198707e+01
   3.985993e+02	  -2.425570e+01
   3.987994e+02	  -2.636449e+01
   3.989995e+02	  -2.830026e+01
   3.991996e+02	  -3.005096e+01
   3.993997e+02	  -3.160576e+01
   3.995998e+02	  -3.295510e+01
   3.997999e+02	  -3.409075e+01
   4.000000e+02	  -3.500586e+01
