  -3.000000e+01	   0.000000e+00
  -2.995000e+01	   3.494344e-03
  -2.990000e+01	   3.159520e-03
  -2.985000e+01	   6.308597e-03
  -2.980000e+01	   5.622120e-03
  -2.975000e+01	   8.406040e-03
  -2.970000e+01	   7.347969e-03
  -2.965000e+01	   9.749038e-03
  -2.960000e+01	   8.305827e-03
  -2.955000e+01	   1.031592e-02
  -2.950000e+01	   8.485960e-03
  -2.945000e+01	   1.011068e-02
  -2.940000e+01	   7.907516e-03
  -2.935000e+01	   9.168936e-03
  -2.930000e+01	   6.623904e-03
  -2.925000e+01	   7.563251e-03
  -2.920000e+01	   4.728237e-03
  -2.915000e+01	   5.408550e-03
  -2.910000e+01	   2.358192e-03
  -2.905000e+01	   2.865654e-03
  -2.900000e+01	  -3.026737e-04
  -2.895000e+01	   1.394328e-04
  -2.890000e+01	  -3.030759e-03
  -2.885000e+01	  -2.531590e-03
  -2.880000e+01	  -5.577626e-03
  -2.875000e+01	  -4.895136e-03
  -2.870000e+01	  -7.694065e-03
  -2.865000e+01	  -6.712521e-03
  -2.860000e+01	  -9.159567e-03
  -2.855000e+01	  -7.788883e-03
  -2.850000e+01	  -9.811829e-03
  -2.845000e+01	  -8.000490e-03
  -2.840000e+01	  -9.570497e-03
  -2.835000e+01	  -7.313720e-03
  -2.830000e+01	  -8.450427e-03
  -2.825000e+01	  -5.791959e-03
  -2.820000e+01	  -6.561871e-03
  -2.815000e+01	  -3.589036e-03
  -2.810000e+01	  -4.097480e-03
  -2.805000e+01	  -9.303947e-04
  -2.800000e+01	  -1.308470e-03
  -2.795000e+01	   1.914671e-03
  -2.790000e+01	   1.525841e-03
  -2.785000e+01	   4.664915e-03
  -2.780000e+01	   4.130101e-03
  -2.775000e+01	   7.058165e-03
  -2.770000e+01	   6.261834e-03
  -2.765000e+01	   8.877227e-03
  -2.760000e+01	   7.733678e-03
  -2.755000e+01	   9.968031e-03
  -2.750000e+01	   8.427205e-03
  -2.745000e+01	   1.024907e-02
  -2.740000e+01	   8.298093e-03
  -2.735000e+01	   9.712545e-03
  -2.730000e+01	   7.373593e-03
  -2.725000e+01	   8.418571e-03
  -2.720000e+01	   5.743912e-03
  -2.715000e+01	   6.484256e-03
  -2.710000e+01	   3.549600e-03
  -2.705000e+01	   4.070014e-03
  -2.700000e+01	   9.673932e-04
  -2.695000e+01	   1.365525e-03
  -2.690000e+01	  -1.803193e-03
  -2.685000e+01	  -1.422653e-03
  -2.680000e+01	  -4.551055e-03
  -2.675000e+01	  -4.081140e-03
  -2.670000e+01	  -7.062691e-03
  -2.665000e+01	  -6.398529e-03
  -2.660000e+01	  -9.131246e-03
  -2.655000e+01	  -8.175378e-03
  -2.650000e+01	  -1.056808e-02
  -2.645000e+01	  -9.237841e-03
  -2.640000e+01	  -1.121869e-02
  -2.635000e+01	  -9.455698e-03
  -2.630000e+01	  -1.098232e-02
  -2.625000e+01	  -8.762785e-03
  -2.620000e+01	  -9.832016e-03
  -2.615000e+01	  -7.175150e-03
  -2.610000e+01	  -7.829422e-03
  -2.605000e+01	  -4.801060e-03
  -2.600000e+01	  -5.128713e-03
  -2.595000e+01	  -1.837992e-03
  -2.590000e+01	  -1.966163e-03
  -2.585000e+01	   1.445222e-03
  -2.580000e+01	   1.364538e-03
  -2.575000e+01	   4.738839e-03
  -2.570000e+01	   4.547051e-03
  -2.565000e+01	   7.729552e-03
  -2.560000e+01	   7.280427e-03
  -2.555000e+01	   1.013738e-02
  -2.550000e+01	   9.313194e-03
  -2.545000e+01	   1.174557e-02
  -2.540000e+01	   1.046802e-02
  -2.535000e+01	   1.241940e-02
  -2.530000e+01	   1.065451e-02
  -2.525000e+01	   1.211313e-02
  -2.520000e+01	   9.870683e-03
  -2.515000e+01	   1.086662e-02
  -2.510000e+01	   8.195545e-03
  -2.505000e+01	   8.794694e-03
  -2.500000e+01	   5.775909e-03
  -2.495000e+01	   6.072085e-03
  -2.490000e+01	   2.810222e-03
  -2.485000e+01	   2.916637e-03
  -2.480000e+01	  -4.685806e-04
  -2.475000e+01	  -4.278458e-04
  -2.470000e+01	  -3.809939e-03
  -2.465000e+01	  -3.708037e-03
  -2.460000e+01	  -6.961608e-03
  -2.455000e+01	  -6.676483e-03
  -2.450000e+01	  -9.684505e-03
  -2.445000e+01	  -9.105946e-03
  -2.440000e+01	  -1.176662e-02
  -2.435000e+01	  -1.080295e-02
  -2.430000e+01	  -1.303625e-02
  -2.425000e+01	  -1.162068e-02
  -2.420000e+01	  -1.337447e-02
  -2.415000e+01	  -1.147099e-02
  -2.410000e+01	  -1.272648e-02
  -2.405000e+01	  -1.033462e-02
  -2.400000e+01	  -1.111038e-02
  -2.395000e+01	  -8.268258e-03
  -2.390000e+01	  -8.621982e-03
  -2.385000e+01	  -5.406625e-03
  -2.380000e+01	  -5.433810e-03
  -2.375000e+01	  -1.957982e-03
  -2.370000e+01	  -1.786806e-03
  -2.365000e+01	   1.808149e-03
  -2.360000e+01	   2.026069e-03
  -2.355000e+01	   5.581493e-03
  -2.350000e+01	   5.684233e-03
  -2.345000e+01	   9.038910e-03
  -2.340000e+01	   8.870244e-03
  -2.335000e+01	   1.187715e-02
  -2.330000e+01	   1.130344e-02
  -2.325000e+01	   1.384608e-02
  -2.320000e+01	   1.277134e-02
  -2.315000e+01	   1.477680e-02
  -2.310000e+01	   1.315307e-02
  -2.305000e+01	   1.459921e-02
  -2.300000e+01	   1.243018e-02
  -2.295000e+01	   1.334554e-02
  -2.290000e+01	   1.068290e-02
  -2.285000e+01	   1.113983e-02
  -2.280000e+01	   8.073652e-03
  -2.275000e+01	   8.176602e-03
  -2.270000e+01	   4.822377e-03
  -2.265000e+01	   4.694486e-03
  -2.260000e+01	   1.179963e-03
  -2.255000e+01	   9.508097e-04
  -2.250000e+01	  -2.594839e-03
  -2.245000e+01	  -2.798365e-03
  -2.240000e+01	  -6.251865e-03
  -2.235000e+01	  -6.311180e-03
  -2.230000e+01	  -9.559319e-03
  -2.225000e+01	  -9.367220e-03
  -2.220000e+01	  -1.230927e-02
  -2.215000e+01	  -1.177217e-02
  -2.210000e+01	  -1.432232e-02
  -2.205000e+01	  -1.336313e-02
  -2.200000e+01	  -1.545409e-02
  -2.195000e+01	  -1.401660e-02
  -2.190000e+01	  -1.560453e-02
  -2.185000e+01	  -1.365877e-02
  -2.180000e+01	  -1.472884e-02
  -2.175000e+01	  -1.227641e-02
  -2.170000e+01	  -1.284758e-02
  -2.165000e+01	  -9.925523e-03
  -2.160000e+01	  -1.005316e-02
  -2.155000e+01	  -6.735126e-03
  -2.150000e+01	  -6.510518e-03
  -2.145000e+01	  -2.904453e-03
  -2.140000e+01	  -2.450651e-03
  -2.135000e+01	   1.307200e-03
  -2.130000e+01	   1.843216e-03
  -2.125000e+01	   5.597869e-03
  -2.120000e+01	   6.056303e-03
  -2.115000e+01	   9.646497e-03
  -2.110000e+01	   9.868264e-03
  -2.105000e+01	   1.314070e-02
  -2.100000e+01	   1.298198e-02
  -2.095000e+01	   1.580575e-02
  -2.090000e+01	   1.515175e-02
  -2.085000e+01	   1.743090e-02
  -2.080000e+01	   1.620685e-02
  -2.075000e+01	   1.788940e-02
  -2.070000e+01	   1.606713e-02
  -2.065000e+01	   1.714897e-02
  -2.060000e+01	   1.474811e-02
  -2.055000e+01	   1.527153e-02
  -2.050000e+01	   1.235539e-02
  -2.045000e+01	   1.240252e-02
  -2.040000e+01	   9.069593e-03
  -2.035000e+01	   8.752413e-03
  -2.030000e+01	   5.125225e-03
  -2.025000e+01	   4.573780e-03
  -2.020000e+01	   7.870840e-04
  -2.015000e+01	   1.381449e-04
  -2.010000e+01	  -3.671525e-03
  -2.005000e+01	  -4.283638e-03
  -2.000000e+01	  -7.985611e-03
  -1.995000e+01	  -8.435003e-03
  -1.990000e+01	  -1.190880e-02
  -1.985000e+01	  -1.208087e-02
  -1.980000e+01	  -1.521795e-02
  -1.975000e+01	  -1.501049e-02
  -1.970000e+01	  -1.771524e-02
  -1.965000e+01	  -1.703986e-02
  -1.960000e+01	  -1.923192e-02
  -1.955000e+01	  -1.801768e-02
  -1.950000e+01	  -1.963715e-02
  -1.945000e+01	  -1.783721e-02
  -1.940000e+01	  -1.885249e-02
  -1.935000e+01	  -1.645281e-02
  -1.930000e+01	  -1.686941e-02
  -1.925000e+01	  -1.389688e-02
  -1.920000e+01	  -1.376421e-02
  -1.915000e+01	  -1.029130e-02
  -1.910000e+01	  -9.704523e-03
  -1.905000e+01	  -5.847984e-03
  -1.900000e+01	  -4.943333e-03
  -1.895000e+01	  -8.561345e-04
  -1.890000e+01	   2.002145e-04
  -1.885000e+01	   4.342595e-03
  -1.880000e+01	   5.370195e-03
  -1.875000e+01	   9.386657e-03
  -1.870000e+01	   1.020810e-02
  -1.865000e+01	   1.392889e-02
  -1.860000e+01	   1.438577e-02
  -1.855000e+01	   1.766690e-02
  -1.850000e+01	   1.763220e-02
  -1.845000e+01	   2.036552e-02
  -1.840000e+01	   1.975137e-02
  -1.835000e+01	   2.186996e-02
  -1.830000e+01	   2.063065e-02
  -1.825000e+01	   2.210973e-02
  -1.820000e+01	   2.024078e-02
  -1.815000e+01	   2.109509e-02
  -1.810000e+01	   1.862919e-02
  -1.805000e+01	   1.890778e-02
  -1.800000e+01	   1.590868e-02
  -1.795000e+01	   1.568815e-02
  -1.790000e+01	   1.224357e-02
  -1.785000e+01	   1.162094e-02
  -1.780000e+01	   7.835563e-03
  -1.775000e+01	   6.921670e-03
  -1.770000e+01	   2.911314e-03
  -1.765000e+01	   1.825852e-03
  -1.760000e+01	  -2.286664e-03
  -1.755000e+01	  -3.418392e-03
  -1.750000e+01	  -7.505682e-03
  -1.745000e+01	  -8.554661e-03
  -1.740000e+01	  -1.248644e-02
  -1.735000e+01	  -1.332172e-02
  -1.730000e+01	  -1.696706e-02
  -1.725000e+01	  -1.745886e-02
  -1.720000e+01	  -2.069047e-02
  -1.715000e+01	  -2.071582e-02
  -1.710000e+01	  -2.341711e-02
  -1.705000e+01	  -2.286832e-02
  -1.700000e+01	  -2.494314e-02
  -1.695000e+01	  -2.373844e-02
  -1.690000e+01	  -2.512217e-02
  -1.685000e+01	  -2.321681e-02
  -1.680000e+01	  -2.388678e-02
  -1.675000e+01	  -2.128211e-02
  -1.670000e+01	  -2.126484e-02
  -1.665000e+01	  -1.801307e-02
  -1.660000e+01	  -1.738604e-02
  -1.655000e+01	  -1.358876e-02
  -1.650000e+01	  -1.247551e-02
  -1.645000e+01	  -8.275410e-03
  -1.640000e+01	  -6.834148e-03
  -1.635000e+01	  -2.400972e-03
  -1.630000e+01	  -8.085787e-04
  -1.625000e+01	   3.678016e-03
  -1.620000e+01	   5.243395e-03
  -1.615000e+01	   9.610576e-03
  -1.610000e+01	   1.098477e-02
  -1.605000e+01	   1.507960e-02
  -1.600000e+01	   1.612281e-02
  -1.595000e+01	   1.981965e-02
  -1.590000e+01	   2.042092e-02
  -1.585000e+01	   2.362331e-02
  -1.580000e+01	   2.370008e-02
  -1.575000e+01	   2.633849e-02
  -1.570000e+01	   2.583341e-02
  -1.565000e+01	   2.786168e-02
  -1.560000e+01	   2.673907e-02
  -1.555000e+01	   2.813147e-02
  -1.550000e+01	   2.637535e-02
  -1.545000e+01	   2.712565e-02
  -1.540000e+01	   2.473990e-02
  -1.535000e+01	   2.486253e-02
  -1.530000e+01	   2.187276e-02
  -1.525000e+01	   2.140517e-02
  -1.520000e+01	   1.786138e-02
  -1.515000e+01	   1.686658e-02
  -1.510000e+01	   1.284524e-02
  -1.505000e+01	   1.141334e-02
  -1.500000e+01	   7.018236e-03
  -1.495000e+01	   5.266301e-03
  -1.490000e+01	   6.272279e-04
  -1.485000e+01	  -1.303134e-03
  -1.480000e+01	  -6.033964e-03
  -1.475000e+01	  -7.981589e-03
  -1.470000e+01	  -1.263596e-02
  -1.465000e+01	  -1.442795e-02
  -1.460000e+01	  -1.883091e-02
  -1.455000e+01	  -2.029331e-02
  -1.450000e+01	  -2.427506e-02
  -1.445000e+01	  -2.524570e-02
  -1.440000e+01	  -2.865515e-02
  -1.435000e+01	  -2.899747e-02
  -1.430000e+01	  -3.171562e-02
  -1.425000e+01	  -3.133101e-02
  -1.420000e+01	  -3.328185e-02
  -1.415000e+01	  -3.211848e-02
  -1.410000e+01	  -3.327509e-02
  -1.405000e+01	  -3.133099e-02
  -1.400000e+01	  -3.171546e-02
  -1.395000e+01	  -2.903531e-02
  -1.390000e+01	  -2.871262e-02
  -1.385000e+01	  -2.537902e-02
  -1.380000e+01	  -2.444631e-02
  -1.375000e+01	  -2.056780e-02
  -1.370000e+01	  -1.914178e-02
  -1.365000e+01	  -1.484039e-02
  -1.360000e+01	  -1.304580e-02
  -1.355000e+01	  -8.446945e-03
  -1.350000e+01	  -6.408301e-03
  -1.345000e+01	  -1.634751e-03
  -1.340000e+01	   5.273519e-04
  -1.335000e+01	   5.357007e-03
  -1.330000e+01	   7.525477e-03
  -1.325000e+01	   1.229478e-02
  -1.320000e+01	   1.435293e-02
  -1.315000e+01	   1.894402e-02
  -1.310000e+01	   2.077216e-02
  -1.305000e+01	   2.506318e-02
  -1.300000e+01	   2.653750e-02
  -1.295000e+01	   3.040332e-02
  -1.290000e+01	   3.139870e-02
  -1.285000e+01	   3.471607e-02
  -1.280000e+01	   3.511354e-02
  -1.275000e+01	   3.777046e-02
  -1.270000e+01	   3.746798e-02
  -1.265000e+01	   3.937530e-02
  -1.260000e+01	   3.829947e-02
  -1.255000e+01	   3.940195e-02
  -1.250000e+01	   3.751766e-02
  -1.245000e+01	   3.780157e-02
  -1.240000e+01	   3.511714e-02
  -1.235000e+01	   3.461280e-02
  -1.230000e+01	   3.117987e-02
  -1.225000e+01	   2.995893e-02
  -1.220000e+01	   2.586752e-02
  -1.215000e+01	   2.403626e-02
  -1.210000e+01	   1.940665e-02
  -1.205000e+01	   1.709696e-02
  -1.200000e+01	   1.207030e-02
  -1.195000e+01	   9.430160e-03
  -1.190000e+01	   4.159053e-03
  -1.185000e+01	   1.343501e-03
  -1.180000e+01	  -4.016515e-03
  -1.175000e+01	  -6.853287e-03
  -1.170000e+01	  -1.215094e-02
  -1.165000e+01	  -1.486204e-02
  -1.160000e+01	  -1.995594e-02
  -1.155000e+01	  -2.240642e-02
  -1.150000e+01	  -2.716869e-02
  -1.145000e+01	  -2.923819e-02
  -1.140000e+01	  -3.355601e-02
  -1.135000e+01	  -3.513923e-02
  -1.130000e+01	  -3.891449e-02
  -1.125000e+01	  -3.992013e-02
  -1.120000e+01	  -4.306791e-02
  -1.115000e+01	  -4.341716e-02
  -1.110000e+01	  -4.586453e-02
  -1.105000e+01	  -4.549055e-02
  -1.100000e+01	  -4.717717e-02
  -1.095000e+01	  -4.602704e-02
  -1.090000e+01	  -4.690860e-02
  -1.085000e+01	  -4.494828e-02
  -1.080000e+01	  -4.500278e-02
  -1.075000e+01	  -4.222427e-02
  -1.070000e+01	  -4.145964e-02
  -1.065000e+01	  -3.788860e-02
  -1.060000e+01	  -3.634946e-02
  -1.055000e+01	  -3.205043e-02
  -1.050000e+01	  -2.982143e-02
  -1.045000e+01	  -2.489867e-02
  -1.040000e+01	  -2.210240e-02
  -1.035000e+01	  -1.669500e-02
  -1.030000e+01	  -1.348441e-02
  -1.025000e+01	  -7.756111e-03
  -1.020000e+01	  -4.302232e-03
  -1.015000e+01	   1.572227e-03
  -1.010000e+01	   5.094640e-03
  -1.005000e+01	   1.094392e-02
  -1.000000e+01	   1.437013e-02
  -9.950000e+00	   2.003870e-02
  -9.900000e+00	   2.322447e-02
  -9.850000e+00	   2.858071e-02
  -9.800000e+00	   3.140781e-02
  -9.750000e+00	   3.634686e-02
  -9.700000e+00	   3.872321e-02
  -9.650000e+00	   4.316463e-02
  -9.600000e+00	   4.501996e-02
  -9.550000e+00	   4.890181e-02
  -9.500000e+00	   5.018073e-02
  -9.450000e+00	   5.345237e-02
  -9.400000e+00	   5.410746e-02
  -9.350000e+00	   5.672343e-02
  -9.300000e+00	   5.671046e-02
  -9.250000e+00	   5.862748e-02
  -9.200000e+00	   5.790438e-02
  -9.150000e+00	   5.908223e-02
  -9.100000e+00	   5.761180e-02
  -9.050000e+00	   5.801765e-02
  -9.000000e+00	   5.577308e-02
  -8.950000e+00	   5.538781e-02
  -8.900000e+00	   5.235937e-02
  -8.850000e+00	   5.118419e-02
  -8.800000e+00	   4.738545e-02
  -8.750000e+00	   4.544738e-02
  -8.700000e+00	   4.091973e-02
  -8.650000e+00	   3.827510e-02
  -8.600000e+00	   3.309011e-02
  -8.550000e+00	   2.982561e-02
  -8.500000e+00	   2.408474e-02
  -8.450000e+00	   2.031580e-02
  -8.400000e+00	   1.414734e-02
  -8.350000e+00	   1.001351e-02
  -8.300000e+00	   3.566428e-03
  -8.250000e+00	  -7.762155e-04
  -8.200000e+00	  -7.341279e-03
  -8.150000e+00	  -1.173031e-02
  -8.100000e+00	  -1.825197e-02
  -8.050000e+00	  -2.252992e-02
  -8.000000e+00	  -2.885717e-02
  -7.950000e+00	  -3.288188e-02
  -7.900000e+00	  -3.888321e-02
  -7.850000e+00	  -4.253506e-02
  -7.800000e+00	  -4.810329e-02
  -7.750000e+00	  -5.128751e-02
  -7.700000e+00	  -5.633944e-02
  -7.650000e+00	  -5.898311e-02
  -7.600000e+00	  -6.345426e-02
  -7.550000e+00	  -6.549926e-02
  -7.500000e+00	  -6.933560e-02
  -7.450000e+00	  -7.073001e-02
  -7.400000e+00	  -7.387990e-02
  -7.350000e+00	  -7.457107e-02
  -7.300000e+00	  -7.698016e-02
  -7.250000e+00	  -7.691215e-02
  -7.200000e+00	  -7.852362e-02
  -7.150000e+00	  -7.764026e-02
  -7.100000e+00	  -7.840057e-02
  -7.050000e+00	  -7.665351e-02
  -7.000000e+00	  -7.652226e-02
  -6.950000e+00	  -7.388192e-02
  -6.900000e+00	  -7.284298e-02
  -6.850000e+00	  -6.930909e-02
  -6.800000e+00	  -6.737985e-02
  -6.750000e+00	  -6.298873e-02
  -6.700000e+00	  -6.022489e-02
  -6.650000e+00	  -5.505139e-02
  -6.600000e+00	  -5.154585e-02
  -6.550000e+00	  -4.569925e-02
  -6.500000e+00	  -4.157530e-02
  -6.450000e+00	  -3.519012e-02
  -6.400000e+00	  -3.059027e-02
  -6.350000e+00	  -2.381372e-02
  -6.300000e+00	  -1.888652e-02
  -6.250000e+00	  -1.186533e-02
  -6.200000e+00	  -6.752743e-03
  -6.150000e+00	   3.783252e-04
  -6.100000e+00	   5.550742e-03
  -6.050000e+00	   1.267671e-02
  -6.000000e+00	   1.780541e-02
  -5.950000e+00	   2.483440e-02
  -5.900000e+00	   2.983899e-02
  -5.850000e+00	   3.670132e-02
  -5.800000e+00	   4.152180e-02
  -5.750000e+00	   4.816586e-02
  -5.700000e+00	   5.275754e-02
  -5.650000e+00	   5.914391e-02
  -5.600000e+00	   6.347113e-02
  -5.550000e+00	   6.956633e-02
  -5.500000e+00	   7.359633e-02
  -5.450000e+00	   7.936694e-02
  -5.400000e+00	   8.306450e-02
  -5.350000e+00	   8.847248e-02
  -5.300000e+00	   9.179600e-02
  -5.250000e+00	   9.679572e-02
  -5.200000e+00	   9.969546e-02
  -5.150000e+00	   1.042333e-01
  -5.100000e+00	   1.066524e-01
  -5.050000e+00	   1.106695e-01
  -5.000000e+00	   1.125487e-01
  -4.950000e+00	   1.159871e-01
  -4.900000e+00	   1.172720e-01
  -4.850000e+00	   1.200829e-01
  -4.800000e+00	   1.207327e-01
  -4.750000e+00	   1.228853e-01
  -4.700000e+00	   1.228806e-01
  -4.650000e+00	   1.243678e-01
  -4.600000e+00	   1.237141e-01
  -4.550000e+00	   1.245540e-01
  -4.500000e+00	   1.232806e-01
  -4.450000e+00	   1.235115e-01
  -4.400000e+00	   1.216636e-01
  -4.350000e+00	   1.213350e-01
  -4.300000e+00	   1.189631e-01
  -4.250000e+00	   1.181230e-01
  -4.200000e+00	   1.152701e-01
  -4.150000e+00	   1.139539e-01
  -4.100000e+00	   1.106454e-01
  -4.050000e+00	   1.088673e-01
  -4.000000e+00	   1.051057e-01
  -3.950000e+00	   1.028565e-01
  -3.900000e+00	   9.862175e-02
  -3.850000e+00	   9.587212e-02
  -3.800000e+00	   9.112767e-02
  -3.750000e+00	   8.783634e-02
  -3.700000e+00	   8.253895e-02
  -3.650000e+00	   7.866336e-02
  -3.600000e+00	   7.277383e-02
  -3.550000e+00	   6.828047e-02
  -3.500000e+00	   6.177298e-02
  -3.450000e+00	   5.664522e-02
  -3.400000e+00	   4.951335e-02
  -3.350000e+00	   4.375539e-02
  -3.300000e+00	   3.601388e-02
  -3.250000e+00	   2.965048e-02
  -3.200000e+00	   2.133312e-02
  -3.150000e+00	   1.440572e-02
  -3.100000e+00	   5.560037e-03
  -3.050000e+00	  -1.879555e-03
  -3.000000e+00	  -1.119929e-02
  -2.950000e+00	  -1.909615e-02
  -2.900000e+00	  -2.883608e-02
  -2.850000e+00	  -3.713891e-02
  -2.800000e+00	  -4.725149e-02
  -2.750000e+00	  -5.591746e-02
  -2.700000e+00	  -6.636509e-02
  -2.650000e+00	  -7.536197e-02
  -2.600000e+00	  -8.611758e-02
  -2.550000e+00	  -9.542284e-02
  -2.500000e+00	  -1.064674e-01
  -2.450000e+00	  -1.160643e-01
  -2.400000e+00	  -1.273818e-01
  -2.350000e+00	  -1.372531e-01
  -2.300000e+00	  -1.488230e-01
  -2.250000e+00	  -1.589426e-01
  -2.200000e+00	  -1.707313e-01
  -2.150000e+00	  -1.810559e-01
  -2.100000e+00	  -1.930080e-01
  -2.050000e+00	  -2.034685e-01
  -2.000000e+00	  -2.154996e-01
  -1.950000e+00	  -2.259953e-01
  -1.900000e+00	  -2.379881e-01
  -1.850000e+00	  -2.483854e-01
  -1.800000e+00	  -2.601911e-01
  -1.750000e+00	  -2.703279e-01
  -1.700000e+00	  -2.817742e-01
  -1.650000e+00	  -2.914713e-01
  -1.600000e+00	  -3.023760e-01
  -1.550000e+00	  -3.114527e-01
  -1.500000e+00	  -3.216408e-01
  -1.450000e+00	  -3.299321e-01
  -1.400000e+00	  -3.392521e-01
  -1.350000e+00	  -3.466231e-01
  -1.300000e+00	  -3.549586e-01
  -1.250000e+00	  -3.613120e-01
  -1.200000e+00	  -3.685852e-01
  -1.150000e+00	  -3.738613e-01
  -1.100000e+00	  -3.800284e-01
  -1.050000e+00	  -3.841971e-01
  -1.000000e+00	  -3.892387e-01
  -9.500000e-01	  -3.922881e-01
  -9.000000e-01	  -3.961968e-01
  -8.500000e-01	  -3.981215e-01
  -8.000000e-01	  -4.008920e-01
  -7.500000e-01	  -4.016853e-01
  -7.000000e-01	  -4.033093e-01
  -6.500000e-01	  -4.029616e-01
  -6.000000e-01	  -4.034287e-01
  -5.500000e-01	  -4.019307e-01
  -5.000000e-01	  -4.012351e-01
  -4.500000e-01	  -3.985865e-01
  -4.000000e-01	  -3.967358e-01
  -3.500000e-01	  -3.929547e-01
  -3.000000e-01	  -3.899796e-01
  -2.500000e-01	  -3.851109e-01
  -2.000000e-01	  -3.810720e-01
  -1.500000e-01	  -3.751928e-01
  -1.000000e-01	  -3.701837e-01
  -5.000000e-02	  -3.634037e-01
   0.000000e+00	  -3.575490e-01
   5.000000e-02	  -3.500062e-01
   1.000000e-01	  -3.434558e-01
   1.500000e-01	  -3.353091e-01
   2.000000e-01	  -3.282281e-01
   2.500000e-01	  -3.196464e-01
   3.000000e-01	  -3.122045e-01
   3.500000e-01	  -3.033550e-01
   4.000000e-01	  -2.957140e-01
   4.500000e-01	  -2.867506e-01
   5.000000e-01	  -2.790541e-01
   5.500000e-01	  -2.701077e-01
   6.000000e-01	  -2.624723e-01
   6.500000e-01	  -2.536442e-01
   7.000000e-01	  -2.461551e-01
   7.500000e-01	  -2.375143e-01
   8.000000e-01	  -2.302251e-01
   8.500000e-01	  -2.218104e-01
   9.000000e-01	  -2.147467e-01
   9.500000e-01	  -2.065728e-01
   1.000000e+00	  -1.997407e-01
   1.050000e+00	  -1.918076e-01
   1.100000e+00	  -1.852040e-01
   1.150000e+00	  -1.775082e-01
   1.200000e+00	  -1.711319e-01
   1.250000e+00	  -1.636771e-01
   1.300000e+00	  -1.575389e-01
   1.350000e+00	  -1.503442e-01
   1.400000e+00	  -1.444720e-01
   1.450000e+00	  -1.375744e-01
   1.500000e+00	  -1.320138e-01
   1.550000e+00	  -1.254654e-01
   1.600000e+00	  -1.202728e-01
   1.650000e+00	  -1.141316e-01
   1.700000e+00	  -1.093631e-01
   1.750000e+00	  -1.036801e-01
   1.800000e+00	  -9.937832e-02
   1.850000e+00	  -9.418443e-02
   1.900000e+00	  -9.036658e-02
   1.950000e+00	  -8.566369e-02
   2.000000e+00	  -8.231565e-02
   2.050000e+00	  -7.807388e-02
   2.100000e+00	  -7.515128e-02
   2.150000e+00	  -7.131380e-02
   2.200000e+00	  -6.875012e-02
   2.250000e+00	  -6.524382e-02
   2.300000e+00	  -6.296283e-02
   2.350000e+00	  -5.971166e-02
   2.400000e+00	  -5.764077e-02
   2.450000e+00	  -5.457834e-02
   2.500000e+00	  -5.265964e-02
   2.550000e+00	  -4.973816e-02
   2.600000e+00	  -4.793510e-02
   2.650000e+00	  -4.512957e-02
   2.700000e+00	  -4.342861e-02
   2.750000e+00	  -4.073620e-02
   2.800000e+00	  -3.914416e-02
   2.850000e+00	  -3.657983e-02
   2.900000e+00	  -3.511813e-02
   2.950000e+00	  -3.270783e-02
   3.000000e+00	  -3.140509e-02
   3.050000e+00	  -2.917801e-02
   3.100000e+00	  -2.806213e-02
   3.150000e+00	  -2.604301e-02
   3.200000e+00	  -2.513391e-02
   3.250000e+00	  -2.333629e-02
   3.300000e+00	  -2.263997e-02
   3.350000e+00	  -2.106127e-02
   3.400000e+00	  -2.056599e-02
   3.450000e+00	  -1.918495e-02
   3.500000e+00	  -1.886012e-02
   3.550000e+00	  -1.763733e-02
   3.600000e+00	  -1.743574e-02
   3.650000e+00	  -1.631751e-02
   3.700000e+00	  -1.618091e-02
   3.750000e+00	  -1.510651e-02
   3.800000e+00	  -1.497416e-02
   3.850000e+00	  -1.388538e-02
   3.900000e+00	  -1.370431e-02
   3.950000e+00	  -1.255588e-02
   4.000000e+00	  -1.229092e-02
   4.050000e+00	  -1.105965e-02
   4.100000e+00	  -1.070112e-02
   4.150000e+00	  -9.391663e-03
   4.200000e+00	  -8.958823e-03
   4.250000e+00	  -7.604486e-03
   4.300000e+00	  -7.143570e-03
   4.350000e+00	  -5.801595e-03
   4.400000e+00	  -5.378479e-03
   4.450000e+00	  -4.120397e-03
   4.500000e+00	  -3.809112e-03
   4.550000e+00	  -2.708027e-03
   4.600000e+00	  -2.577528e-03
   4.650000e+00	  -1.695161e-03
   4.700000e+00	  -1.797464e-03
   4.750000e+00	  -1.174178e-03
   4.800000e+00	  -1.536997e-03
   4.850000e+00	  -1.187642e-03
   4.900000e+00	  -1.813858e-03
   4.950000e+00	  -1.731060e-03
   5.000000e+00	  -2.605790e-03
   5.050000e+00	  -2.770523e-03
   5.100000e+00	  -3.874674e-03
   5.150000e+00	  -4.272090e-03
   5.200000e+00	  -5.599645e-03
   5.250000e+00	  -6.236920e-03
   5.300000e+00	  -7.812462e-03
   5.350000e+00	  -8.735229e-03
   5.400000e+00	  -1.062870e-02
   5.450000e+00	  -1.193376e-02
   5.500000e+00	  -1.427099e-02
   5.550000e+00	  -1.611481e-02
   5.600000e+00	  -1.908437e-02
   5.650000e+00	  -2.168882e-02
   5.700000e+00	  -2.554727e-02
   5.750000e+00	  -2.920514e-02
   5.800000e+00	  -3.428356e-02
   5.850000e+00	  -3.936674e-02
   5.900000e+00	  -4.608118e-02
   5.950000e+00	  -5.305385e-02
   6.000000e+00	  -6.192167e-02
   6.050000e+00	  -7.136022e-02
   6.100000e+00	  -8.302382e-02
   6.150000e+00	  -9.564460e-02
   6.200000e+00	  -1.109035e-01
   6.250000e+00	  -1.275995e-01
   6.300000e+00	  -1.474516e-01
   6.350000e+00	  -1.693380e-01
   6.400000e+00	  -1.950294e-01
   6.450000e+00	  -2.234972e-01
   6.500000e+00	  -2.565781e-01
   6.550000e+00	  -2.933503e-01
   6.600000e+00	  -3.357292e-01
   6.650000e+00	  -3.829094e-01
   6.700000e+00	  -4.368904e-01
   6.750000e+00	  -4.969827e-01
   6.800000e+00	  -5.652597e-01
   6.850000e+00	  -6.411256e-01
   6.900000e+00	  -7.266902e-01
   6.950000e+00	  -8.213925e-01
   7.000000e+00	  -9.272953e-01
   7.050000e+00	  -1.043758e+00
   7.100000e+00	  -1.172649e+00
   7.150000e+00	  -1.313058e+00
   7.200000e+00	  -1.466428e+00
   7.250000e+00	  -1.631311e+00
   7.300000e+00	  -1.808415e+00
   7.350000e+00	  -1.995422e+00
   7.400000e+00	  -2.191965e+00
   7.450000e+00	  -2.394533e+00
   7.500000e+00	  -2.601423e+00
   7.550000e+00	  -2.807770e+00
   7.600000e+00	  -3.010524e+00
   7.650000e+00	  -3.203654e+00
   7.700000e+00	  -3.383190e+00
   7.750000e+00	  -3.542627e+00
   7.800000e+00	  -3.678009e+00
   7.850000e+00	  -3.783491e+00
   7.900000e+00	  -3.856393e+00
   7.950000e+00	  -3.892781e+00
   8.000000e+00	  -3.892363e+00
   8.050000e+00	  -3.853963e+00
   8.100000e+00	  -3.780129e+00
   8.150000e+00	  -3.672456e+00
   8.200000e+00	  -3.535905e+00
   8.250000e+00	  -3.374014e+00
   8.300000e+00	  -3.193053e+00
   8.350000e+00	  -2.997255e+00
   8.400000e+00	  -2.792934e+00
   8.450000e+00	  -2.583867e+00
   8.500000e+00	  -2.375460e+00
   8.550000e+00	  -2.170329e+00
   8.600000e+00	  -1.972528e+00
   8.650000e+00	  -1.783309e+00
   8.700000e+00	  -1.605375e+00
   8.750000e+00	  -1.438769e+00
   8.800000e+00	  -1.285102e+00
   8.850000e+00	  -1.143528e+00
   8.900000e+00	  -1.014907e+00
   8.950000e+00	  -8.978408e-01
   9.000000e+00	  -7.927499e-01
   9.050000e+00	  -6.979564e-01
   9.100000e+00	  -6.136763e-01
   9.150000e+00	  -5.381444e-01
   9.200000e+00	  -4.715244e-01
   9.250000e+00	  -4.120816e-01
   9.300000e+00	  -3.600151e-01
   9.350000e+00	  -3.136823e-01
   9.400000e+00	  -2.733596e-01
   9.450000e+00	  -2.375216e-01
   9.500000e+00	  -2.065350e-01
   9.550000e+00	  -1.789956e-01
   9.600000e+00	  -1.553567e-01
   9.650000e+00	  -1.343266e-01
   9.700000e+00	  -1.164340e-01
   9.750000e+00	  -1.004859e-01
   9.800000e+00	  -8.707117e-02
   9.850000e+00	  -7.507990e-02
   9.900000e+00	  -6.514589e-02
   9.950000e+00	  -5.622722e-02
   1.000000e+01	  -4.898861e-02
   1.005000e+01	  -4.244321e-02
   1.010000e+01	  -3.727502e-02
   1.015000e+01	  -3.254198e-02
   1.020000e+01	  -2.893868e-02
   1.025000e+01	  -2.556056e-02
   1.030000e+01	  -2.310702e-02
   1.035000e+01	  -2.070646e-02
   1.040000e+01	  -1.905992e-02
   1.045000e+01	  -1.732646e-02
   1.050000e+01	  -1.620741e-02
   1.055000e+01	  -1.489173e-02
   1.060000e+01	  -1.408077e-02
   1.065000e+01	  -1.299320e-02
   1.070000e+01	  -1.233029e-02
   1.075000e+01	  -1.134008e-02
   1.080000e+01	  -1.072315e-02
   1.085000e+01	  -9.755725e-03
   1.090000e+01	  -9.136142e-03
   1.095000e+01	  -8.166621e-03
   1.100000e+01	  -7.540594e-03
   1.105000e+01	  -6.583078e-03
   1.110000e+01	  -5.979127e-03
   1.115000e+01	  -5.072726e-03
   1.120000e+01	  -4.536692e-03
   1.125000e+01	  -3.730066e-03
   1.130000e+01	  -3.309790e-03
   1.135000e+01	  -2.646568e-03
   1.140000e+01	  -2.378621e-03
   1.145000e+01	  -1.885955e-03
   1.150000e+01	  -1.786444e-03
   1.155000e+01	  -1.468373e-03
   1.160000e+01	  -1.529027e-03
   1.165000e+01	  -1.365300e-03
   1.170000e+01	  -1.554886e-03
   1.175000e+01	  -1.504701e-03
   1.180000e+01	  -1.774708e-03
   1.185000e+01	  -1.783865e-03
   1.190000e+01	  -2.076625e-03
   1.195000e+01	  -2.086128e-03
   1.200000e+01	  -2.343448e-03
   1.205000e+01	  -2.297801e-03
   1.210000e+01	  -2.468646e-03
   1.215000e+01	  -2.322753e-03
   1.220000e+01	  -2.369317e-03
   1.225000e+01	  -2.093740e-03
   1.230000e+01	  -1.995930e-03
   1.235000e+01	  -1.580671e-03
   1.240000e+01	  -1.339247e-03
   1.245000e+01	  -7.962175e-04
   1.250000e+01	  -4.344707e-04
   1.255000e+01	   2.018079e-04
   1.260000e+01	   6.385898e-04
   1.265000e+01	   1.313056e-03
   1.270000e+01	   1.761474e-03
   1.275000e+01	   2.404437e-03
   1.280000e+01	   2.790999e-03
   1.285000e+01	   3.328165e-03
   1.290000e+01	   3.581024e-03
   1.295000e+01	   3.946455e-03
   1.300000e+01	   4.008913e-03
   1.305000e+01	   4.158267e-03
   1.310000e+01	   4.000898e-03
   1.315000e+01	   3.921607e-03
   1.320000e+01	   3.549746e-03
   1.325000e+01	   3.265250e-03
   1.330000e+01	   2.719639e-03
   1.335000e+01	   2.286332e-03
   1.340000e+01	   1.636504e-03
   1.345000e+01	   1.133945e-03
   1.350000e+01	   4.658175e-04
   1.355000e+01	  -1.760244e-05
   1.360000e+01	  -6.171806e-04
   1.365000e+01	  -9.999819e-04
   1.370000e+01	  -1.458465e-03
   1.375000e+01	  -1.680054e-03
   1.380000e+01	  -1.951251e-03
   1.385000e+01	  -1.981506e-03
   1.390000e+01	  -2.052307e-03
   1.395000e+01	  -1.895209e-03
   1.400000e+01	  -1.786032e-03
   1.405000e+01	  -1.477009e-03
   1.410000e+01	  -1.236291e-03
   1.415000e+01	  -8.342218e-04
   1.420000e+01	  -5.284098e-04
   1.425000e+01	  -1.041814e-04
   1.430000e+01	   1.945263e-04
   1.435000e+01	   5.704874e-04
   1.440000e+01	   7.962355e-04
   1.445000e+01	   1.065157e-03
   1.450000e+01	   1.168295e-03
   1.455000e+01	   1.291265e-03
   1.460000e+01	   1.244691e-03
   1.465000e+01	   1.207037e-03
   1.470000e+01	   1.008610e-03
   1.475000e+01	   8.204467e-04
   1.480000e+01	   4.918349e-04
   1.485000e+01	   1.854132e-04
   1.490000e+01	  -2.318212e-04
   1.495000e+01	  -6.070547e-04
   1.500000e+01	  -1.057205e-03
   1.505000e+01	  -1.440983e-03
   1.510000e+01	  -1.861057e-03
   1.515000e+01	  -2.189531e-03
   1.520000e+01	  -2.516801e-03
   1.525000e+01	  -2.730352e-03
   1.530000e+01	  -2.910370e-03
   1.535000e+01	  -2.961737e-03
   1.540000e+01	  -2.956427e-03
   1.545000e+01	  -2.818550e-03
   1.550000e+01	  -2.613509e-03
   1.555000e+01	  -2.285916e-03
   1.560000e+01	  -1.895465e-03
   1.565000e+01	  -1.407535e-03
   1.570000e+01	  -8.757672e-04
   1.575000e+01	  -2.852148e-04
   1.580000e+01	   3.183222e-04
   1.585000e+01	   9.326423e-04
   1.590000e+01	   1.522890e-03
   1.595000e+01	   2.073322e-03
   1.600000e+01	   2.563891e-03
   1.605000e+01	   2.969272e-03
   1.610000e+01	   3.287973e-03
   1.615000e+01	   3.488466e-03
   1.620000e+01	   3.590548e-03
   1.625000e+01	   3.558464e-03
   1.630000e+01	   3.434362e-03
   1.635000e+01	   3.178416e-03
   1.640000e+01	   2.854348e-03
   1.645000e+01	   2.416696e-03
   1.650000e+01	   1.948468e-03
   1.655000e+01	   1.395787e-03
   1.660000e+01	   8.578150e-04
   1.665000e+01	   2.690006e-04
   1.670000e+01	  -2.586074e-04
   1.675000e+01	  -8.053068e-04
   1.680000e+01	  -1.248976e-03
   1.685000e+01	  -1.687089e-03
   1.690000e+01	  -1.989482e-03
   1.695000e+01	  -2.272365e-03
   1.700000e+01	  -2.398659e-03
   1.705000e+01	  -2.503969e-03
   1.710000e+01	  -2.444549e-03
   1.715000e+01	  -2.375224e-03
   1.720000e+01	  -2.145059e-03
   1.725000e+01	  -1.927226e-03
   1.730000e+01	  -1.562454e-03
   1.735000e+01	  -1.240860e-03
   1.740000e+01	  -7.932620e-04
   1.745000e+01	  -4.249872e-04
   1.750000e+01	   4.487593e-05
   1.755000e+01	   3.976770e-04
   1.760000e+01	   8.279420e-04
   1.765000e+01	   1.105577e-03
   1.770000e+01	   1.440541e-03
   1.775000e+01	   1.593048e-03
   1.780000e+01	   1.790122e-03
   1.785000e+01	   1.783784e-03
   1.790000e+01	   1.819425e-03
   1.795000e+01	   1.641955e-03
   1.800000e+01	   1.515925e-03
   1.805000e+01	   1.179595e-03
   1.810000e+01	   9.167415e-04
   1.815000e+01	   4.586160e-04
   1.820000e+01	   1.073800e-04
   1.825000e+01	  -4.140482e-04
   1.830000e+01	  -7.869368e-04
   1.835000e+01	  -1.298976e-03
   1.840000e+01	  -1.617553e-03
   1.845000e+01	  -2.043982e-03
   1.850000e+01	  -2.235002e-03
   1.855000e+01	  -2.508865e-03
   1.860000e+01	  -2.514899e-03
   1.865000e+01	  -2.591270e-03
   1.870000e+01	  -2.382440e-03
   1.875000e+01	  -2.248432e-03
   1.880000e+01	  -1.830034e-03
   1.885000e+01	  -1.509454e-03
   1.890000e+01	  -9.232048e-04
   1.895000e+01	  -4.741533e-04
   1.900000e+01	   2.078677e-04
   1.905000e+01	   7.024885e-04
   1.910000e+01	   1.390301e-03
   1.915000e+01	   1.837542e-03
   1.920000e+01	   2.439467e-03
   1.925000e+01	   2.753030e-03
   1.930000e+01	   3.191913e-03
   1.935000e+01	   3.306972e-03
   1.940000e+01	   3.532788e-03
   1.945000e+01	   3.415765e-03
   1.950000e+01	   3.412176e-03
   1.955000e+01	   3.063933e-03
   1.960000e+01	   2.848224e-03
   1.965000e+01	   2.301059e-03
   1.970000e+01	   1.918674e-03
   1.975000e+01	   1.228984e-03
   1.980000e+01	   7.449422e-04
   1.985000e+01	  -1.601234e-05
   1.990000e+01	  -5.265174e-04
   1.995000e+01	  -1.281803e-03
   2.000000e+01	  -1.742129e-03
   2.005000e+01	  -2.417293e-03
   2.010000e+01	  -2.756930e-03
   2.015000e+01	  -3.287067e-03
   2.020000e+01	  -3.448264e-03
   2.025000e+01	  -3.784256e-03
   2.030000e+01	  -3.727889e-03
   2.035000e+01	  -3.841842e-03
   2.040000e+01	  -3.552288e-03
   2.045000e+01	  -3.441663e-03
   2.050000e+01	  -2.929957e-03
   2.055000e+01	  -2.619523e-03
   2.060000e+01	  -1.923913e-03
   2.065000e+01	  -1.464727e-03
   2.070000e+01	  -6.479558e-04
   2.075000e+01	  -1.129091e-04
   2.080000e+01	   7.439556e-04
   2.085000e+01	   1.267947e-03
   2.090000e+01	   2.074811e-03
   2.095000e+01	   2.497381e-03
   2.100000e+01	   3.166707e-03
   2.105000e+01	   3.406300e-03
   2.110000e+01	   3.865641e-03
   2.115000e+01	   3.861861e-03
   2.120000e+01	   4.065528e-03
   2.125000e+01	   3.789577e-03
   2.130000e+01	   3.727293e-03
   2.135000e+01	   3.188338e-03
   2.140000e+01	   2.888877e-03
   2.145000e+01	   2.134615e-03
   2.150000e+01	   1.663101e-03
   2.155000e+01	   7.737652e-04
   2.160000e+01	   2.225335e-04
   2.165000e+01	  -7.010429e-04
   2.170000e+01	  -1.226667e-03
   2.175000e+01	  -2.078919e-03
   2.180000e+01	  -2.477376e-03
   2.185000e+01	  -3.164818e-03
   2.190000e+01	  -3.354354e-03
   2.195000e+01	  -3.810066e-03
   2.200000e+01	  -3.740957e-03
   2.205000e+01	  -3.933975e-03
   2.210000e+01	  -3.594704e-03
   2.215000e+01	  -3.532805e-03
   2.220000e+01	  -2.949468e-03
   2.225000e+01	  -2.675412e-03
   2.230000e+01	  -1.905205e-03
   2.235000e+01	  -1.488007e-03
   2.240000e+01	  -6.088981e-04
   2.245000e+01	  -1.325477e-04
   2.250000e+01	   7.683337e-04
   2.255000e+01	   1.216264e-03
   2.260000e+01	   2.053374e-03
   2.265000e+01	   2.391547e-03
   2.270000e+01	   3.089667e-03
   2.275000e+01	   3.250624e-03
   2.280000e+01	   3.751489e-03
   2.285000e+01	   3.687397e-03
   2.290000e+01	   3.954719e-03
   2.295000e+01	   3.641807e-03
   2.300000e+01	   3.665178e-03
   2.305000e+01	   3.107069e-03
   2.310000e+01	   2.904589e-03
   2.315000e+01	   2.133995e-03
   2.320000e+01	   1.752747e-03
   2.325000e+01	   8.303999e-04
   2.330000e+01	   3.435300e-04
   2.335000e+01	  -6.468087e-04
   2.340000e+01	  -1.147259e-03
   2.345000e+01	  -2.108109e-03
   2.350000e+01	  -2.522458e-03
   2.355000e+01	  -3.355450e-03
   2.360000e+01	  -3.590276e-03
   2.365000e+01	  -4.210526e-03
   2.370000e+01	  -4.192845e-03
   2.375000e+01	  -4.542262e-03
   2.380000e+01	  -4.231342e-03
   2.385000e+01	  -4.288388e-03
   2.390000e+01	  -3.683006e-03
   2.395000e+01	  -3.467120e-03
   2.400000e+01	  -2.606945e-03
   2.405000e+01	  -2.176824e-03
   2.410000e+01	  -1.137637e-03
   2.415000e+01	  -5.835419e-04
   2.420000e+01	   5.330894e-04
   2.425000e+01	   1.101922e-03
   2.430000e+01	   2.183044e-03
   2.435000e+01	   2.654063e-03
   2.440000e+01	   3.591645e-03
   2.445000e+01	   3.865278e-03
   2.450000e+01	   4.571794e-03
   2.455000e+01	   4.575647e-03
   2.460000e+01	   4.996269e-03
   2.465000e+01	   4.694776e-03
   2.470000e+01	   4.814092e-03
   2.475000e+01	   4.212073e-03
   2.480000e+01	   4.054420e-03
   2.485000e+01	   3.194303e-03
   2.490000e+01	   2.818175e-03
   2.495000e+01	   1.772032e-03
   2.500000e+01	   1.260266e-03
   2.505000e+01	   1.187251e-04
   2.510000e+01	  -4.332609e-04
   2.515000e+01	  -1.572885e-03
   2.520000e+01	  -2.068588e-03
   2.525000e+01	  -3.113037e-03
   2.530000e+01	  -3.464584e-03
   2.535000e+01	  -4.333203e-03
   2.540000e+01	  -4.468711e-03
   2.545000e+01	  -5.099685e-03
   2.550000e+01	  -4.968523e-03
   2.555000e+01	  -5.323364e-03
   2.560000e+01	  -4.900044e-03
   2.565000e+01	  -4.967016e-03
   2.570000e+01	  -4.254220e-03
   2.575000e+01	  -4.050938e-03
   2.580000e+01	  -3.081535e-03
   2.585000e+01	  -2.656141e-03
   2.590000e+01	  -1.493190e-03
   2.595000e+01	  -9.228038e-04
   2.600000e+01	   3.439142e-04
   2.605000e+01	   9.588648e-04
   2.610000e+01	   2.220895e-03
   2.615000e+01	   2.767124e-03
   2.620000e+01	   3.910001e-03
   2.625000e+01	   4.275851e-03
   2.630000e+01	   5.194838e-03
   2.635000e+01	   5.286551e-03
   2.640000e+01	   5.902623e-03
   2.645000e+01	   5.659163e-03
   2.650000e+01	   5.931836e-03
   2.655000e+01	   5.335009e-03
   2.660000e+01	   5.269180e-03
   2.665000e+01	   4.346817e-03
   2.670000e+01	   3.992153e-03
   2.675000e+01	   2.813812e-03
   2.680000e+01	   2.257063e-03
   2.685000e+01	   9.234234e-04
   2.690000e+01	   2.755280e-04
   2.695000e+01	  -1.096108e-03
   2.700000e+01	  -1.715444e-03
   2.705000e+01	  -3.006822e-03
   2.710000e+01	  -3.484434e-03
   2.715000e+01	  -4.590782e-03
   2.720000e+01	  -4.833198e-03
   2.725000e+01	  -5.674769e-03
   2.730000e+01	  -5.617889e-03
   2.735000e+01	  -6.147600e-03
   2.740000e+01	  -5.762182e-03
   2.745000e+01	  -5.968892e-03
   2.750000e+01	  -5.261623e-03
   2.755000e+01	  -5.169060e-03
   2.760000e+01	  -4.179485e-03
   2.765000e+01	  -3.841401e-03
   2.770000e+01	  -2.635586e-03
   2.775000e+01	  -2.128278e-03
   2.780000e+01	  -7.905840e-04
   2.785000e+01	  -2.042994e-04
   2.790000e+01	   1.171234e-03
   2.795000e+01	   1.740640e-03
   2.800000e+01	   3.058177e-03
   2.805000e+01	   3.516588e-03
   2.810000e+01	   4.685325e-03
   2.815000e+01	   4.946790e-03
   2.820000e+01	   5.887152e-03
   2.825000e+01	   5.880032e-03
   2.830000e+01	   6.529934e-03
   2.835000e+01	   6.203357e-03
   2.840000e+01	   6.524823e-03
   2.845000e+01	   5.855336e-03
   2.850000e+01	   5.840922e-03
   2.855000e+01	   4.838312e-03
   2.860000e+01	   4.515876e-03
   2.865000e+01	   3.226399e-03
   2.870000e+01	   2.660313e-03
   2.875000e+01	   1.165461e-03
   2.880000e+01	   4.525999e-04
   2.885000e+01	  -1.137870e-03
   2.890000e+01	  -1.878069e-03
   2.895000e+01	  -3.438867e-03
   2.900000e+01	  -4.079544e-03
   2.905000e+01	  -5.486811e-03
   2.910000e+01	  -5.911727e-03
   2.915000e+01	  -7.061284e-03
   2.920000e+01	  -7.182324e-03
   2.925000e+01	  -8.005486e-03
   2.930000e+01	  -7.775911e-03
   2.935000e+01	  -8.249437e-03
   2.940000e+01	  -7.669993e-03
   2.945000e+01	  -7.818057e-03
   2.950000e+01	  -6.934766e-03
   2.955000e+01	  -6.822787e-03
   2.960000e+01	  -5.717263e-03
   2.965000e+01	  -5.439310e-03
   2.970000e+01	  -4.213968e-03
   2.975000e+01	  -3.876539e-03
   2.980000e+01	  -2.637668e-03
   2.985000e+01	  -2.342689e-03
   2.990000e+01	  -1.183868e-03
   2.995000e+01	  -1.012845e-03
   3.000000e+01	   0.000000e+00
