  -3.000000e+01	   0.000000e+00
  -2.995000e+01	   3.001305e-03
  -2.990000e+01	   2.679993e-03
  -2.985000e+01	   5.355454e-03
  -2.980000e+01	   4.705908e-03
  -2.975000e+01	   7.047877e-03
  -2.970000e+01	   6.063239e-03
  -2.965000e+01	   8.066773e-03
  -2.960000e+01	   6.744992e-03
  -2.955000e+01	   8.411652e-03
  -2.950000e+01	   6.758646e-03
  -2.945000e+01	   8.099359e-03
  -2.940000e+01	   6.131888e-03
  -2.935000e+01	   7.170054e-03
  -2.930000e+01	   4.919138e-03
  -2.925000e+01	   5.694282e-03
  -2.920000e+01	   3.208860e-03
  -2.915000e+01	   3.779951e-03
  -2.910000e+01	   1.129418e-03
  -2.905000e+01	   1.576137e-03
  -2.900000e+01	  -1.150088e-03
  -2.895000e+01	  -7.298275e-04
  -2.890000e+01	  -3.427053e-03
  -2.885000e+01	  -2.924177e-03
  -2.880000e+01	  -5.481704e-03
  -2.875000e+01	  -4.787132e-03
  -2.870000e+01	  -7.100843e-03
  -2.865000e+01	  -6.118942e-03
  -2.860000e+01	  -8.104966e-03
  -2.855000e+01	  -6.766754e-03
  -2.850000e+01	  -8.373559e-03
  -2.845000e+01	  -6.647076e-03
  -2.840000e+01	  -7.863600e-03
  -2.835000e+01	  -5.759410e-03
  -2.830000e+01	  -6.617665e-03
  -2.825000e+01	  -4.188423e-03
  -2.820000e+01	  -4.760050e-03
  -2.815000e+01	  -2.094209e-03
  -2.810000e+01	  -2.481613e-03
  -2.805000e+01	   3.076125e-04
  -2.800000e+01	  -1.603418e-05
  -2.795000e+01	   2.772426e-03
  -2.790000e+01	   2.388380e-03
  -2.785000e+01	   5.055318e-03
  -2.780000e+01	   4.496780e-03
  -2.775000e+01	   6.937546e-03
  -2.770000e+01	   6.111782e-03
  -2.765000e+01	   8.247432e-03
  -2.760000e+01	   7.090791e-03
  -2.755000e+01	   8.873857e-03
  -2.750000e+01	   7.355591e-03
  -2.745000e+01	   8.772019e-03
  -2.740000e+01	   6.894452e-03
  -2.735000e+01	   7.962156e-03
  -2.730000e+01	   5.757817e-03
  -2.725000e+01	   6.522596e-03
  -2.720000e+01	   4.049147e-03
  -2.715000e+01	   4.578888e-03
  -2.710000e+01	   1.912878e-03
  -2.705000e+01	   2.291120e-03
  -2.700000e+01	  -4.784007e-04
  -2.695000e+01	  -1.585905e-04
  -2.690000e+01	  -2.935790e-03
  -2.685000e+01	  -2.577090e-03
  -2.680000e+01	  -5.264238e-03
  -2.675000e+01	  -4.769713e-03
  -2.670000e+01	  -7.271804e-03
  -2.665000e+01	  -6.549785e-03
  -2.660000e+01	  -8.779950e-03
  -2.655000e+01	  -7.750197e-03
  -2.650000e+01	  -9.636740e-03
  -2.645000e+01	  -8.238345e-03
  -2.640000e+01	  -9.733350e-03
  -2.635000e+01	  -7.933710e-03
  -2.630000e+01	  -9.021894e-03
  -2.625000e+01	  -6.824849e-03
  -2.620000e+01	  -7.530321e-03
  -2.615000e+01	  -4.980880e-03
  -2.610000e+01	  -5.369257e-03
  -2.605000e+01	  -2.552647e-03
  -2.600000e+01	  -2.726773e-03
  -2.595000e+01	   2.392047e-04
  -2.590000e+01	   1.500565e-04
  -2.585000e+01	   3.128536e-03
  -2.580000e+01	   2.984250e-03
  -2.575000e+01	   5.836185e-03
  -2.570000e+01	   5.503119e-03
  -2.565000e+01	   8.104161e-03
  -2.560000e+01	   7.470779e-03
  -2.555000e+01	   9.724982e-03
  -2.550000e+01	   8.713127e-03
  -2.545000e+01	   1.056147e-02
  -2.540000e+01	   9.132008e-03
  -2.535000e+01	   1.055522e-02
  -2.530000e+01	   8.708268e-03
  -2.525000e+01	   9.724779e-03
  -2.520000e+01	   7.495733e-03
  -2.515000e+01	   8.156207e-03
  -2.510000e+01	   5.609231e-03
  -2.505000e+01	   5.989343e-03
  -2.500000e+01	   3.209732e-03
  -2.495000e+01	   3.402412e-03
  -2.490000e+01	   4.889262e-04
  -2.485000e+01	   5.969233e-04
  -2.480000e+01	  -2.345323e-03
  -2.475000e+01	  -2.216166e-03
  -2.470000e+01	  -5.082021e-03
  -2.465000e+01	  -4.828704e-03
  -2.460000e+01	  -7.518588e-03
  -2.455000e+01	  -7.046296e-03
  -2.450000e+01	  -9.471357e-03
  -2.445000e+01	  -8.698521e-03
  -2.440000e+01	  -1.078567e-02
  -2.435000e+01	  -9.649002e-03
  -2.430000e+01	  -1.134595e-02
  -2.425000e+01	  -9.805461e-03
  -2.420000e+01	  -1.108561e-02
  -2.415000e+01	  -9.129224e-03
  -2.410000e+01	  -9.995852e-03
  -2.405000e+01	  -7.642943e-03
  -2.400000e+01	  -8.131879e-03
  -2.395000e+01	  -5.434890e-03
  -2.390000e+01	  -5.614855e-03
  -2.385000e+01	  -2.658170e-03
  -2.380000e+01	  -2.628033e-03
  -2.375000e+01	   4.765065e-04
  -2.370000e+01	   5.940307e-04
  -2.365000e+01	   3.715272e-03
  -2.360000e+01	   3.783562e-03
  -2.355000e+01	   6.782635e-03
  -2.350000e+01	   6.664183e-03
  -2.345000e+01	   9.408598e-03
  -2.340000e+01	   8.979710e-03
  -2.335000e+01	   1.135811e-02
  -2.330000e+01	   1.052307e-02
  -2.325000e+01	   1.245812e-02
  -2.320000e+01	   1.116019e-02
  -2.315000e+01	   1.261707e-02
  -2.310000e+01	   1.084398e-02
  -2.305000e+01	   1.183270e-02
  -2.300000e+01	   9.615725e-03
  -2.295000e+01	   1.018703e-02
  -2.290000e+01	   7.594135e-03
  -2.285000e+01	   7.830444e-03
  -2.280000e+01	   4.955634e-03
  -2.275000e+01	   4.959529e-03
  -2.270000e+01	   1.911171e-03
  -2.265000e+01	   1.794190e-03
  -2.260000e+01	  -1.315181e-03
  -2.255000e+01	  -1.441387e-03
  -2.250000e+01	  -4.502394e-03
  -2.245000e+01	  -4.531860e-03
  -2.240000e+01	  -7.442707e-03
  -2.235000e+01	  -7.278490e-03
  -2.230000e+01	  -9.947588e-03
  -2.225000e+01	  -9.504074e-03
  -2.220000e+01	  -1.185239e-02
  -2.215000e+01	  -1.105798e-02
  -2.210000e+01	  -1.302226e-02
  -2.205000e+01	  -1.182322e-02
  -2.200000e+01	  -1.336040e-02
  -2.195000e+01	  -1.172564e-02
  -2.190000e+01	  -1.281776e-02
  -2.185000e+01	  -1.074358e-02
  -2.180000e+01	  -1.140202e-02
  -2.175000e+01	  -8.915531e-03
  -2.170000e+01	  -9.183325e-03
  -2.165000e+01	  -6.343451e-03
  -2.160000e+01	  -6.294847e-03
  -2.155000e+01	  -3.190296e-03
  -2.150000e+01	  -2.927122e-03
  -2.145000e+01	   3.287802e-04
  -2.140000e+01	   6.837755e-04
  -2.135000e+01	   3.961136e-03
  -2.130000e+01	   4.273563e-03
  -2.125000e+01	   7.436259e-03
  -2.120000e+01	   7.571264e-03
  -2.115000e+01	   1.048868e-02
  -2.110000e+01	   1.032294e-02
  -2.105000e+01	   1.288190e-02
  -2.100000e+01	   1.231510e-02
  -2.095000e+01	   1.443046e-02
  -2.090000e+01	   1.339465e-02
  -2.085000e+01	   1.501713e-02
  -2.080000e+01	   1.348271e-02
  -2.075000e+01	   1.460272e-02
  -2.070000e+01	   1.257996e-02
  -2.065000e+01	   1.322687e-02
  -2.060000e+01	   1.076304e-02
  -2.055000e+01	   1.100028e-02
  -2.050000e+01	   8.172921e-03
  -2.045000e+01	   8.089773e-03
  -2.040000e+01	   4.997518e-03
  -2.035000e+01	   4.699386e-03
  -2.030000e+01	   1.452005e-03
  -2.025000e+01	   1.050735e-03
  -2.020000e+01	  -2.239803e-03
  -2.015000e+01	  -2.633837e-03
  -2.010000e+01	  -5.860003e-03
  -2.005000e+01	  -6.143088e-03
  -2.000000e+01	  -9.205513e-03
  -1.995000e+01	  -9.282971e-03
  -1.990000e+01	  -1.209171e-02
  -1.985000e+01	  -1.187841e-02
  -1.980000e+01	  -1.435315e-02
  -1.975000e+01	  -1.377388e-02
  -1.970000e+01	  -1.584498e-02
  -1.965000e+01	  -1.483652e-02
  -1.960000e+01	  -1.644832e-02
  -1.955000e+01	  -1.496420e-02
  -1.950000e+01	  -1.608113e-02
  -1.945000e+01	  -1.409869e-02
  -1.940000e+01	  -1.471291e-02
  -1.935000e+01	  -1.224095e-02
  -1.930000e+01	  -1.237929e-02
  -1.925000e+01	  -9.463693e-03
  -1.920000e+01	  -9.191380e-03
  -1.915000e+01	  -5.916416e-03
  -1.910000e+01	  -5.335620e-03
  -1.905000e+01	  -1.819627e-03
  -1.900000e+01	  -1.062364e-03
  -1.895000e+01	   2.551883e-03
  -1.890000e+01	   3.335504e-03
  -1.885000e+01	   6.894122e-03
  -1.880000e+01	   7.550186e-03
  -1.875000e+01	   1.090280e-02
  -1.870000e+01	   1.128791e-02
  -1.865000e+01	   1.430112e-02
  -1.860000e+01	   1.429461e-02
  -1.855000e+01	   1.686260e-02
  -1.850000e+01	   1.637520e-02
  -1.845000e+01	   1.842644e-02
  -1.840000e+01	   1.740509e-02
  -1.835000e+01	   1.890515e-02
  -1.830000e+01	   1.733397e-02
  -1.825000e+01	   1.828489e-02
  -1.820000e+01	   1.618298e-02
  -1.815000e+01	   1.661976e-02
  -1.810000e+01	   1.403664e-02
  -1.805000e+01	   1.402172e-02
  -1.800000e+01	   1.103119e-02
  -1.795000e+01	   1.064798e-02
  -1.790000e+01	   7.341426e-03
  -1.785000e+01	   6.687687e-03
  -1.780000e+01	   3.167902e-03
  -1.775000e+01	   2.350187e-03
  -1.770000e+01	  -1.273497e-03
  -1.765000e+01	  -2.143938e-03
  -1.760000e+01	  -5.758941e-03
  -1.755000e+01	  -6.568769e-03
  -1.750000e+01	  -1.006140e-02
  -1.745000e+01	  -1.069712e-02
  -1.740000e+01	  -1.395461e-02
  -1.735000e+01	  -1.430502e-02
  -1.730000e+01	  -1.721871e-02
  -1.725000e+01	  -1.717903e-02
  -1.720000e+01	  -1.964957e-02
  -1.715000e+01	  -1.912781e-02
  -1.710000e+01	  -2.107260e-02
  -1.705000e+01	  -1.999785e-02
  -1.700000e+01	  -2.135987e-02
  -1.695000e+01	  -1.969127e-02
  -1.690000e+01	  -2.044775e-02
  -1.685000e+01	  -1.818234e-02
  -1.680000e+01	  -1.835127e-02
  -1.675000e+01	  -1.552866e-02
  -1.670000e+01	  -1.517118e-02
  -1.665000e+01	  -1.187331e-02
  -1.660000e+01	  -1.109060e-02
  -1.655000e+01	  -7.435770e-03
  -1.650000e+01	  -6.360352e-03
  -1.645000e+01	  -2.492021e-03
  -1.640000e+01	  -1.274537e-03
  -1.635000e+01	   2.653256e-03
  -1.630000e+01	   3.859215e-03
  -1.625000e+01	   7.696819e-03
  -1.620000e+01	   8.748704e-03
  -1.615000e+01	   1.236316e-02
  -1.610000e+01	   1.313951e-02
  -1.605000e+01	   1.642199e-02
  -1.600000e+01	   1.682715e-02
  -1.595000e+01	   1.969502e-02
  -1.590000e+01	   1.965890e-02
  -1.585000e+01	   2.205367e-02
  -1.580000e+01	   2.152843e-02
  -1.575000e+01	   2.341187e-02
  -1.570000e+01	   2.236801e-02
  -1.565000e+01	   2.371867e-02
  -1.560000e+01	   2.214248e-02
  -1.555000e+01	   2.295425e-02
  -1.550000e+01	   2.084749e-02
  -1.545000e+01	   2.113041e-02
  -1.540000e+01	   1.851206e-02
  -1.535000e+01	   1.829473e-02
  -1.530000e+01	   1.520374e-02
  -1.525000e+01	   1.453604e-02
  -1.520000e+01	   1.103378e-02
  -1.515000e+01	   9.988845e-03
  -1.510000e+01	   6.160334e-03
  -1.505000e+01	   4.834826e-03
  -1.500000e+01	   7.879738e-04
  -1.495000e+01	  -6.997370e-04
  -1.490000e+01	  -4.837091e-03
  -1.485000e+01	  -6.351078e-03
  -1.480000e+01	  -1.043650e-02
  -1.475000e+01	  -1.182981e-02
  -1.470000e+01	  -1.571401e-02
  -1.465000e+01	  -1.683753e-02
  -1.460000e+01	  -2.037422e-02
  -1.455000e+01	  -2.108746e-02
  -1.450000e+01	  -2.414484e-02
  -1.445000e+01	  -2.432763e-02
  -1.440000e+01	  -2.679991e-02
  -1.435000e+01	  -2.636344e-02
  -1.430000e+01	  -2.818078e-02
  -1.425000e+01	  -2.707580e-02
  -1.420000e+01	  -2.821050e-02
  -1.415000e+01	  -2.643117e-02
  -1.410000e+01	  -2.689876e-02
  -1.405000e+01	  -2.448098e-02
  -1.400000e+01	  -2.433594e-02
  -1.395000e+01	  -2.135063e-02
  -1.390000e+01	  -2.067771e-02
  -1.385000e+01	  -1.722071e-02
  -1.380000e+01	  -1.612396e-02
  -1.375000e+01	  -1.230486e-02
  -1.370000e+01	  -1.089688e-02
  -1.365000e+01	  -6.829232e-03
  -1.360000e+01	  -5.222829e-03
  -1.355000e+01	  -1.017574e-03
  -1.350000e+01	   6.788920e-04
  -1.345000e+01	   4.916104e-03
  -1.340000e+01	   6.599536e-03
  -1.335000e+01	   1.076760e-02
  -1.330000e+01	   1.233823e-02
  -1.325000e+01	   1.633791e-02
  -1.320000e+01	   1.769643e-02
  -1.315000e+01	   2.142785e-02
  -1.310000e+01	   2.247372e-02
  -1.305000e+01	   2.583595e-02
  -1.300000e+01	   2.646864e-02
  -1.295000e+01	   2.936274e-02
  -1.290000e+01	   2.948664e-02
  -1.285000e+01	   3.182231e-02
  -1.280000e+01	   3.135476e-02
  -1.275000e+01	   3.305935e-02
  -1.270000e+01	   3.194011e-02
  -1.265000e+01	   3.296787e-02
  -1.260000e+01	   3.116752e-02
  -1.255000e+01	   3.150668e-02
  -1.250000e+01	   2.903188e-02
  -1.245000e+01	   2.870774e-02
  -1.240000e+01	   2.560213e-02
  -1.235000e+01	   2.467571e-02
  -1.230000e+01	   2.101644e-02
  -1.225000e+01	   1.957933e-02
  -1.220000e+01	   1.547053e-02
  -1.215000e+01	   1.363728e-02
  -1.210000e+01	   9.201810e-03
  -1.205000e+01	   7.101403e-03
  -1.200000e+01	   2.472333e-03
  -1.195000e+01	   2.399155e-04
  -1.190000e+01	  -4.447334e-03
  -1.185000e+01	  -6.677798e-03
  -1.180000e+01	  -1.129217e-02
  -1.175000e+01	  -1.339386e-02
  -1.170000e+01	  -1.781382e-02
  -1.165000e+01	  -1.967141e-02
  -1.160000e+01	  -2.378835e-02
  -1.155000e+01	  -2.530037e-02
  -1.150000e+01	  -2.902007e-02
  -1.145000e+01	  -3.009950e-02
  -1.140000e+01	  -3.334182e-02
  -1.135000e+01	  -3.391505e-02
  -1.130000e+01	  -3.661248e-02
  -1.125000e+01	  -3.661778e-02
  -1.120000e+01	  -3.871402e-02
  -1.115000e+01	  -3.810055e-02
  -1.110000e+01	  -3.955039e-02
  -1.105000e+01	  -3.827916e-02
  -1.100000e+01	  -3.905067e-02
  -1.095000e+01	  -3.709803e-02
  -1.090000e+01	  -3.717723e-02
  -1.085000e+01	  -3.454053e-02
  -1.080000e+01	  -3.393766e-02
  -1.075000e+01	  -3.064160e-02
  -1.070000e+01	  -2.939700e-02
  -1.065000e+01	  -2.549848e-02
  -1.060000e+01	  -2.368592e-02
  -1.055000e+01	  -1.927535e-02
  -1.050000e+01	  -1.700096e-02
  -1.045000e+01	  -1.219875e-02
  -1.040000e+01	  -9.595016e-03
  -1.035000e+01	  -4.543205e-03
  -1.030000e+01	  -1.758768e-03
  -1.025000e+01	   3.390553e-03
  -1.020000e+01	   6.203423e-03
  -1.015000e+01	   1.130085e-02
  -1.010000e+01	   1.399852e-02
  -1.005000e+01	   1.890859e-02
  -1.000000e+01	   2.136574e-02
  -9.950000e+00	   2.597461e-02
  -9.900000e+00	   2.808970e-02
  -9.850000e+00	   3.230822e-02
  -9.800000e+00	   3.400406e-02
  -9.750000e+00	   3.776609e-02
  -9.700000e+00	   3.898632e-02
  -9.650000e+00	   4.224362e-02
  -9.600000e+00	   4.294650e-02
  -9.550000e+00	   4.566212e-02
  -9.500000e+00	   4.581402e-02
  -9.450000e+00	   4.795640e-02
  -9.400000e+00	   4.752705e-02
  -9.350000e+00	   4.906674e-02
  -9.300000e+00	   4.802758e-02
  -9.250000e+00	   4.893739e-02
  -9.200000e+00	   4.726348e-02
  -9.150000e+00	   4.752185e-02
  -9.100000e+00	   4.519643e-02
  -9.050000e+00	   4.479277e-02
  -9.000000e+00	   4.181294e-02
  -8.950000e+00	   4.075339e-02
  -8.900000e+00	   3.713556e-02
  -8.850000e+00	   3.544782e-02
  -8.800000e+00	   3.123181e-02
  -8.750000e+00	   2.896830e-02
  -8.700000e+00	   2.421951e-02
  -8.650000e+00	   2.145859e-02
  -8.600000e+00	   1.626808e-02
  -8.550000e+00	   1.311294e-02
  -8.500000e+00	   7.595197e-03
  -8.450000e+00	   4.170347e-03
  -8.400000e+00	  -1.541624e-03
  -8.350000e+00	  -5.096643e-03
  -8.300000e+00	  -1.085891e-02
  -8.250000e+00	  -1.439827e-02
  -8.200000e+00	  -2.006566e-02
  -8.150000e+00	  -2.344750e-02
  -8.100000e+00	  -2.888396e-02
  -8.050000e+00	  -3.198039e-02
  -8.000000e+00	  -3.706806e-02
  -7.950000e+00	  -3.977276e-02
  -7.900000e+00	  -4.441767e-02
  -7.850000e+00	  -4.664931e-02
  -7.800000e+00	  -5.078236e-02
  -7.750000e+00	  -5.248314e-02
  -7.700000e+00	  -5.605631e-02
  -7.650000e+00	  -5.718624e-02
  -7.600000e+00	  -6.016549e-02
  -7.550000e+00	  -6.069447e-02
  -7.500000e+00	  -6.305174e-02
  -7.450000e+00	  -6.295227e-02
  -7.400000e+00	  -6.465947e-02
  -7.350000e+00	  -6.390247e-02
  -7.300000e+00	  -6.492962e-02
  -7.250000e+00	  -6.348501e-02
  -7.200000e+00	  -6.380326e-02
  -7.150000e+00	  -6.164527e-02
  -7.100000e+00	  -6.123398e-02
  -7.050000e+00	  -5.834947e-02
  -7.000000e+00	  -5.720520e-02
  -6.950000e+00	  -5.360252e-02
  -6.900000e+00	  -5.174708e-02
  -6.850000e+00	  -4.746280e-02
  -6.800000e+00	  -4.494807e-02
  -6.750000e+00	  -4.004941e-02
  -6.700000e+00	  -3.695731e-02
  -6.650000e+00	  -3.153969e-02
  -6.600000e+00	  -2.797725e-02
  -6.550000e+00	  -2.215710e-02
  -6.500000e+00	  -1.824753e-02
  -6.450000e+00	  -1.215213e-02
  -6.400000e+00	  -8.023896e-03
  -6.350000e+00	  -1.780178e-03
  -6.300000e+00	   2.443870e-03
  -6.250000e+00	   8.719246e-03
  -6.200000e+00	   1.293044e-02
  -6.150000e+00	   1.913804e-02
  -6.100000e+00	   2.324696e-02
  -6.050000e+00	   2.930759e-02
  -6.000000e+00	   3.324512e-02
  -5.950000e+00	   3.909905e-02
  -5.900000e+00	   4.281396e-02
  -5.850000e+00	   4.841726e-02
  -5.800000e+00	   5.187163e-02
  -5.750000e+00	   5.719097e-02
  -5.700000e+00	   6.035471e-02
  -5.650000e+00	   6.536189e-02
  -5.600000e+00	   6.820753e-02
  -5.550000e+00	   7.287466e-02
  -5.500000e+00	   7.537296e-02
  -5.450000e+00	   7.966863e-02
  -5.400000e+00	   8.178542e-02
  -5.350000e+00	   8.567220e-02
  -5.300000e+00	   8.736666e-02
  -5.250000e+00	   9.080041e-02
  -5.200000e+00	   9.202550e-02
  -5.150000e+00	   9.495704e-02
  -5.100000e+00	   9.566260e-02
  -5.050000e+00	   9.804217e-02
  -5.000000e+00	   9.818064e-02
  -4.950000e+00	   9.996474e-02
  -4.900000e+00	   9.949864e-02
  -4.850000e+00	   1.006577e-01
  -4.800000e+00	   9.956685e-02
  -4.750000e+00	   1.000913e-01
  -4.700000e+00	   9.837755e-02
  -4.650000e+00	   9.828052e-02
  -4.600000e+00	   9.596788e-02
  -4.550000e+00	   9.528291e-02
  -4.500000e+00	   9.241261e-02
  -4.450000e+00	   9.118640e-02
  -4.400000e+00	   8.780805e-02
  -4.350000e+00	   8.609043e-02
  -4.300000e+00	   8.225139e-02
  -4.250000e+00	   8.008479e-02
  -4.200000e+00	   7.582064e-02
  -4.150000e+00	   7.323223e-02
  -4.100000e+00	   6.856090e-02
  -4.050000e+00	   6.555920e-02
  -4.000000e+00	   6.048028e-02
  -3.950000e+00	   5.705701e-02
  -3.900000e+00	   5.155610e-02
  -3.850000e+00	   4.769273e-02
  -3.800000e+00	   4.174948e-02
  -3.750000e+00	   3.742626e-02
  -3.700000e+00	   3.102393e-02
  -3.650000e+00	   2.622929e-02
  -3.600000e+00	   1.936340e-02
  -3.550000e+00	   1.410141e-02
  -3.500000e+00	   6.785659e-03
  -3.450000e+00	   1.080178e-03
  -3.400000e+00	  -6.651313e-03
  -3.350000e+00	  -1.275633e-02
  -3.300000e+00	  -2.085054e-02
  -3.250000e+00	  -2.729417e-02
  -3.200000e+00	  -3.568365e-02
  -3.150000e+00	  -4.239358e-02
  -3.100000e+00	  -5.100282e-02
  -3.050000e+00	  -5.790204e-02
  -3.000000e+00	  -6.665414e-02
  -2.950000e+00	  -7.366739e-02
  -2.900000e+00	  -8.248995e-02
  -2.850000e+00	  -8.954873e-02
  -2.800000e+00	  -9.837781e-02
  -2.750000e+00	  -1.054231e-01
  -2.700000e+00	  -1.142048e-01
  -2.650000e+00	  -1.211875e-01
  -2.600000e+00	  -1.298768e-01
  -2.550000e+00	  -1.367555e-01
  -2.500000e+00	  -1.453136e-01
  -2.450000e+00	  -1.520509e-01
  -2.400000e+00	  -1.604404e-01
  -2.350000e+00	  -1.669978e-01
  -2.300000e+00	  -1.751779e-01
  -2.250000e+00	  -1.815108e-01
  -2.200000e+00	  -1.894318e-01
  -2.150000e+00	  -1.954845e-01
  -2.100000e+00	  -2.030841e-01
  -2.050000e+00	  -2.087870e-01
  -2.000000e+00	  -2.159878e-01
  -1.950000e+00	  -2.212565e-01
  -1.900000e+00	  -2.279681e-01
  -1.850000e+00	  -2.327074e-01
  -1.800000e+00	  -2.388316e-01
  -1.750000e+00	  -2.429428e-01
  -1.700000e+00	  -2.483836e-01
  -1.650000e+00	  -2.517764e-01
  -1.600000e+00	  -2.564520e-01
  -1.550000e+00	  -2.590562e-01
  -1.500000e+00	  -2.629106e-01
  -1.450000e+00	  -2.646864e-01
  -1.400000e+00	  -2.676969e-01
  -1.350000e+00	  -2.686390e-01
  -1.300000e+00	  -2.708173e-01
  -1.250000e+00	  -2.709528e-01
  -1.200000e+00	  -2.723392e-01
  -1.150000e+00	  -2.717188e-01
  -1.100000e+00	  -2.723715e-01
  -1.050000e+00	  -2.710575e-01
  -1.000000e+00	  -2.710396e-01
  -9.500000e-01	  -2.690936e-01
  -9.000000e-01	  -2.684626e-01
  -8.500000e-01	  -2.659362e-01
  -8.000000e-01	  -2.647371e-01
  -7.500000e-01	  -2.616686e-01
  -7.000000e-01	  -2.599332e-01
  -6.500000e-01	  -2.563488e-01
  -6.000000e-01	  -2.540994e-01
  -5.500000e-01	  -2.500193e-01
  -5.000000e-01	  -2.472759e-01
  -4.500000e-01	  -2.427220e-01
  -4.000000e-01	  -2.395104e-01
  -3.500000e-01	  -2.345140e-01
  -3.000000e-01	  -2.308722e-01
  -2.500000e-01	  -2.254792e-01
  -2.000000e-01	  -2.214615e-01
  -1.500000e-01	  -2.157345e-01
  -1.000000e-01	  -2.114115e-01
  -5.000000e-02	  -2.054285e-01
   0.000000e+00	  -2.008847e-01
   5.000000e-02	  -1.947349e-01
   1.000000e-01	  -1.900627e-01
   1.500000e-01	  -1.838401e-01
   2.000000e-01	  -1.791329e-01
   2.500000e-01	  -1.729289e-01
   3.000000e-01	  -1.682740e-01
   3.500000e-01	  -1.621696e-01
   4.000000e-01	  -1.576406e-01
   4.500000e-01	  -1.517005e-01
   5.000000e-01	  -1.473521e-01
   5.500000e-01	  -1.416204e-01
   6.000000e-01	  -1.374852e-01
   6.500000e-01	  -1.319831e-01
   7.000000e-01	  -1.280717e-01
   7.500000e-01	  -1.227997e-01
   8.000000e-01	  -1.191035e-01
   8.500000e-01	  -1.140453e-01
   9.000000e-01	  -1.105423e-01
   9.500000e-01	  -1.056723e-01
   1.000000e+00	  -1.023352e-01
   1.050000e+00	  -9.762670e-02
   1.100000e+00	  -9.443162e-02
   1.150000e+00	  -8.986547e-02
   1.200000e+00	  -8.680002e-02
   1.250000e+00	  -8.237200e-02
   1.300000e+00	  -7.944103e-02
   1.350000e+00	  -7.516545e-02
   1.400000e+00	  -7.239253e-02
   1.450000e+00	  -6.830135e-02
   1.500000e+00	  -6.572528e-02
   1.550000e+00	  -6.186203e-02
   1.600000e+00	  -5.952857e-02
   1.650000e+00	  -5.593834e-02
   1.700000e+00	  -5.388897e-02
   1.750000e+00	  -5.060676e-02
   1.800000e+00	  -4.886748e-02
   1.850000e+00	  -4.590828e-02
   1.900000e+00	  -4.448178e-02
   1.950000e+00	  -4.183537e-02
   2.000000e+00	  -4.069883e-02
   2.050000e+00	  -3.833084e-02
   2.100000e+00	  -3.744010e-02
   2.150000e+00	  -3.529882e-02
   2.200000e+00	  -3.459732e-02
   2.250000e+00	  -3.262412e-02
   2.300000e+00	  -3.205399e-02
   2.350000e+00	  -3.019428e-02
   2.400000e+00	  -2.970644e-02
   2.450000e+00	  -2.791843e-02
   2.500000e+00	  -2.747968e-02
   2.550000e+00	  -2.573945e-02
   2.600000e+00	  -2.533542e-02
   2.650000e+00	  -2.363786e-02
   2.700000e+00	  -2.327211e-02
   2.750000e+00	  -2.162847e-02
   2.800000e+00	  -2.131875e-02
   2.850000e+00	  -1.975186e-02
   2.900000e+00	  -1.952463e-02
   2.950000e+00	  -1.806299e-02
   3.000000e+00	  -1.794728e-02
   3.050000e+00	  -1.661894e-02
   3.100000e+00	  -1.664046e-02
   3.150000e+00	  -1.546748e-02
   3.200000e+00	  -1.564362e-02
   3.250000e+00	  -1.463776e-02
   3.300000e+00	  -1.497404e-02
   3.350000e+00	  -1.413420e-02
   3.400000e+00	  -1.462289e-02
   3.450000e+00	  -1.393492e-02
   3.500000e+00	  -1.455615e-02
   3.550000e+00	  -1.399550e-02
   3.600000e+00	  -1.472149e-02
   3.650000e+00	  -1.425887e-02
   3.700000e+00	  -1.506098e-02
   3.750000e+00	  -1.467070e-02
   3.800000e+00	  -1.552876e-02
   3.850000e+00	  -1.519880e-02
   3.900000e+00	  -1.611162e-02
   3.950000e+00	  -1.585406e-02
   4.000000e+00	  -1.684934e-02
   4.050000e+00	  -1.670948e-02
   4.100000e+00	  -1.785181e-02
   4.150000e+00	  -1.791471e-02
   4.200000e+00	  -1.931048e-02
   4.250000e+00	  -1.970416e-02
   4.300000e+00	  -2.150307e-02
   4.350000e+00	  -2.239861e-02
   4.400000e+00	  -2.479275e-02
   4.450000e+00	  -2.640274e-02
   4.500000e+00	  -2.962495e-02
   4.550000e+00	  -3.220255e-02
   4.600000e+00	  -3.652700e-02
   4.650000e+00	  -4.036874e-02
   4.700000e+00	  -4.611681e-02
   4.750000e+00	  -5.157239e-02
   4.800000e+00	  -5.912691e-02
   4.850000e+00	  -6.661830e-02
   4.900000e+00	  -7.644782e-02
   4.950000e+00	  -8.649876e-02
   5.000000e+00	  -9.919204e-02
   5.050000e+00	  -1.124669e-01
   5.100000e+00	  -1.287754e-01
   5.150000e+00	  -1.461244e-01
   5.200000e+00	  -1.670088e-01
   5.250000e+00	  -1.895141e-01
   5.300000e+00	  -2.161887e-01
   5.350000e+00	  -2.452057e-01
   5.400000e+00	  -2.791734e-01
   5.450000e+00	  -3.163566e-01
   5.500000e+00	  -3.594242e-01
   5.550000e+00	  -4.067275e-01
   5.600000e+00	  -4.609849e-01
   5.650000e+00	  -5.206158e-01
   5.700000e+00	  -5.883590e-01
   5.750000e+00	  -6.626600e-01
   5.800000e+00	  -7.462224e-01
   5.850000e+00	  -8.374433e-01
   5.900000e+00	  -9.388963e-01
   5.950000e+00	  -1.048813e+00
   6.000000e+00	  -1.169495e+00
   6.050000e+00	  -1.298841e+00
   6.100000e+00	  -1.438693e+00
   6.150000e+00	  -1.586411e+00
   6.200000e+00	  -1.743158e+00
   6.250000e+00	  -1.905544e+00
   6.300000e+00	  -2.073866e+00
   6.350000e+00	  -2.243833e+00
   6.400000e+00	  -2.414799e+00
   6.450000e+00	  -2.581597e+00
   6.500000e+00	  -2.742785e+00
   6.550000e+00	  -2.892609e+00
   6.600000e+00	  -3.029274e+00
   6.650000e+00	  -3.147032e+00
   6.700000e+00	  -3.244444e+00
   6.750000e+00	  -3.316557e+00
   6.800000e+00	  -3.363085e+00
   6.850000e+00	  -3.380596e+00
   6.900000e+00	  -3.370552e+00
   6.950000e+00	  -3.331425e+00
   7.000000e+00	  -3.266554e+00
   7.050000e+00	  -3.176184e+00
   7.100000e+00	  -3.065147e+00
   7.150000e+00	  -2.934872e+00
   7.200000e+00	  -2.790954e+00
   7.250000e+00	  -2.635218e+00
   7.300000e+00	  -2.473247e+00
   7.350000e+00	  -2.306557e+00
   7.400000e+00	  -2.140136e+00
   7.450000e+00	  -1.974755e+00
   7.500000e+00	  -1.814521e+00
   7.550000e+00	  -1.659319e+00
   7.600000e+00	  -1.512356e+00
   7.650000e+00	  -1.372702e+00
   7.700000e+00	  -1.242809e+00
   7.750000e+00	  -1.121120e+00
   7.800000e+00	  -1.009536e+00
   7.850000e+00	  -9.060834e-01
   7.900000e+00	  -8.123125e-01
   7.950000e+00	  -7.260159e-01
   8.000000e+00	  -6.485522e-01
   8.050000e+00	  -5.776139e-01
   8.100000e+00	  -5.144804e-01
   8.150000e+00	  -4.568319e-01
   8.200000e+00	  -4.059368e-01
   8.250000e+00	  -3.595139e-01
   8.300000e+00	  -3.188572e-01
   8.350000e+00	  -2.817491e-01
   8.400000e+00	  -2.495252e-01
   8.450000e+00	  -2.200400e-01
   8.500000e+00	  -1.946742e-01
   8.550000e+00	  -1.713546e-01
   8.600000e+00	  -1.515047e-01
   8.650000e+00	  -1.331192e-01
   8.700000e+00	  -1.176596e-01
   8.750000e+00	  -1.031827e-01
   8.800000e+00	  -9.118232e-02
   8.850000e+00	  -7.977156e-02
   8.900000e+00	  -7.047063e-02
   8.950000e+00	  -6.144340e-02
   9.000000e+00	  -5.423107e-02
   9.050000e+00	  -4.704280e-02
   9.100000e+00	  -4.143589e-02
   9.150000e+00	  -3.565994e-02
   9.200000e+00	  -3.128382e-02
   9.250000e+00	  -2.659333e-02
   9.300000e+00	  -2.316503e-02
   9.350000e+00	  -1.931711e-02
   9.400000e+00	  -1.663035e-02
   9.450000e+00	  -1.345192e-02
   9.500000e+00	  -1.136355e-02
   9.550000e+00	  -8.737989e-03
   9.600000e+00	  -7.154590e-03
   9.650000e+00	  -5.008112e-03
   9.700000e+00	  -3.871992e-03
   9.750000e+00	  -2.159299e-03
   9.800000e+00	  -1.433913e-03
   9.850000e+00	  -1.235769e-04
   9.900000e+00	   2.207387e-04
   9.950000e+00	   1.159753e-03
   1.000000e+01	   1.158006e-03
   1.005000e+01	   1.766839e-03
   1.010000e+01	   1.467736e-03
   1.015000e+01	   1.803504e-03
   1.020000e+01	   1.272597e-03
   1.025000e+01	   1.408705e-03
   1.030000e+01	   7.259171e-04
   1.035000e+01	   7.469821e-04
   1.040000e+01	  -7.614970e-07
   1.045000e+01	  -8.127610e-06
   1.050000e+01	  -7.374216e-04
   1.055000e+01	  -6.958320e-04
   1.060000e+01	  -1.338056e-03
   1.065000e+01	  -1.190001e-03
   1.070000e+01	  -1.700744e-03
   1.075000e+01	  -1.416245e-03
   1.080000e+01	  -1.780741e-03
   1.085000e+01	  -1.360262e-03
   1.090000e+01	  -1.593626e-03
   1.095000e+01	  -1.065612e-03
   1.100000e+01	  -1.207812e-03
   1.105000e+01	  -6.213808e-04
   1.110000e+01	  -7.280412e-04
   1.115000e+01	  -1.423717e-04
   1.120000e+01	  -2.732855e-04
   1.125000e+01	   2.541733e-04
   1.130000e+01	   4.656379e-05
   1.135000e+01	   4.707958e-04
   1.140000e+01	   1.507982e-04
   1.145000e+01	   4.469097e-04
   1.150000e+01	   1.261165e-06
   1.155000e+01	   1.679697e-04
   1.160000e+01	  -3.929179e-04
   1.165000e+01	  -3.342066e-04
   1.170000e+01	  -9.791466e-04
   1.175000e+01	  -9.889296e-04
   1.180000e+01	  -1.671889e-03
   1.185000e+01	  -1.699445e-03
   1.190000e+01	  -2.366988e-03
   1.195000e+01	  -2.358027e-03
   1.200000e+01	  -2.956872e-03
   1.205000e+01	  -2.860783e-03
   1.210000e+01	  -3.344593e-03
   1.215000e+01	  -3.120697e-03
   1.220000e+01	  -3.455776e-03
   1.225000e+01	  -3.078474e-03
   1.230000e+01	  -3.248375e-03
   1.235000e+01	  -2.711187e-03
   1.240000e+01	  -2.720105e-03
   1.245000e+01	  -2.038278e-03
   1.250000e+01	  -1.912651e-03
   1.255000e+01	  -1.123496e-03
   1.260000e+01	  -9.108142e-04
   1.265000e+01	  -7.073080e-05
   1.270000e+01	   1.654030e-04
   1.275000e+01	   9.878853e-04
   1.280000e+01	   1.176637e-03
   1.285000e+01	   1.911387e-03
   1.290000e+01	   1.986423e-03
   1.295000e+01	   2.574055e-03
   1.300000e+01	   2.485797e-03
   1.305000e+01	   2.889084e-03
   1.310000e+01	   2.614557e-03
   1.315000e+01	   2.826051e-03
   1.320000e+01	   2.373759e-03
   1.325000e+01	   2.417598e-03
   1.330000e+01	   1.826126e-03
   1.335000e+01	   1.753506e-03
   1.340000e+01	   1.084139e-03
   1.345000e+01	   9.635109e-04
   1.350000e+01	   2.885637e-04
   1.355000e+01	   1.927470e-04
   1.360000e+01	  -4.178476e-04
   1.365000e+01	  -4.249239e-04
   1.370000e+01	  -9.160716e-04
   1.375000e+01	  -7.904326e-04
   1.380000e+01	  -1.131055e-03
   1.385000e+01	  -8.555845e-04
   1.390000e+01	  -1.042986e-03
   1.395000e+01	  -6.291281e-04
   1.400000e+01	  -6.880351e-04
   1.405000e+01	  -1.723005e-04
   1.410000e+01	  -1.490958e-04
   1.415000e+01	   4.146113e-04
   1.420000e+01	   4.610352e-04
   1.425000e+01	   1.011547e-03
   1.430000e+01	   1.020387e-03
   1.435000e+01	   1.499841e-03
   1.440000e+01	   1.418456e-03
   1.445000e+01	   1.781464e-03
   1.450000e+01	   1.573314e-03
   1.455000e+01	   1.793433e-03
   1.460000e+01	   1.442927e-03
   1.465000e+01	   1.515810e-03
   1.470000e+01	   1.029778e-03
   1.475000e+01	   9.730553e-04
   1.480000e+01	   3.791673e-04
   1.485000e+01	   2.295761e-04
   1.490000e+01	  -4.276281e-04
   1.495000e+01	  -6.191374e-04
   1.500000e+01	  -1.283896e-03
   1.505000e+01	  -1.458416e-03
   1.510000e+01	  -2.070500e-03
   1.515000e+01	  -2.168338e-03
   1.520000e+01	  -2.670571e-03
   1.525000e+01	  -2.639026e-03
   1.530000e+01	  -2.985205e-03
   1.535000e+01	  -2.786490e-03
   1.540000e+01	  -2.949085e-03
   1.545000e+01	  -2.567498e-03
   1.550000e+01	  -2.543935e-03
   1.555000e+01	  -1.990848e-03
   1.560000e+01	  -1.806778e-03
   1.565000e+01	  -1.121782e-03
   1.570000e+01	  -8.297634e-04
   1.575000e+01	  -7.666142e-05
   1.580000e+01	   2.505935e-04
   1.585000e+01	   9.931557e-04
   1.590000e+01	   1.274446e-03
   1.595000e+01	   1.926409e-03
   1.600000e+01	   2.086528e-03
   1.605000e+01	   2.581129e-03
   1.610000e+01	   2.564917e-03
   1.615000e+01	   2.861214e-03
   1.620000e+01	   2.643761e-03
   1.625000e+01	   2.733889e-03
   1.630000e+01	   2.324451e-03
   1.635000e+01	   2.234036e-03
   1.640000e+01	   1.673027e-03
   1.645000e+01	   1.455080e-03
   1.650000e+01	   8.053836e-04
   1.655000e+01	   5.296677e-04
   1.660000e+01	  -1.352418e-04
   1.665000e+01	  -3.946357e-04
   1.670000e+01	  -1.003013e-03
   1.675000e+01	  -1.179325e-03
   1.680000e+01	  -1.671712e-03
   1.685000e+01	  -1.714649e-03
   1.690000e+01	  -2.051380e-03
   1.695000e+01	  -1.932883e-03
   1.700000e+01	  -2.098079e-03
   1.705000e+01	  -1.814567e-03
   1.710000e+01	  -1.816705e-03
   1.715000e+01	  -1.388073e-03
   1.720000e+01	  -1.257538e-03
   1.725000e+01	  -7.234230e-04
   1.730000e+01	  -5.076703e-04
   1.735000e+01	   7.830528e-05
   1.740000e+01	   3.212309e-04
   1.745000e+01	   8.984564e-04
   1.750000e+01	   1.107240e-03
   1.755000e+01	   1.615586e-03
   1.760000e+01	   1.733103e-03
   1.765000e+01	   2.120230e-03
   1.770000e+01	   2.100585e-03
   1.775000e+01	   2.328598e-03
   1.780000e+01	   2.143265e-03
   1.785000e+01	   2.194214e-03
   1.790000e+01	   1.836745e-03
   1.795000e+01	   1.716351e-03
   1.800000e+01	   1.204941e-03
   1.805000e+01	   9.438057e-04
   1.810000e+01	   3.209413e-04
   1.815000e+01	  -2.751822e-05
   1.820000e+01	  -6.989427e-04
   1.825000e+01	  -1.064249e-03
   1.830000e+01	  -1.708522e-03
   1.835000e+01	  -2.012428e-03
   1.840000e+01	  -2.551772e-03
   1.845000e+01	  -2.720130e-03
   1.850000e+01	  -3.087246e-03
   1.855000e+01	  -3.062689e-03
   1.860000e+01	  -3.212966e-03
   1.865000e+01	  -2.966002e-03
   1.870000e+01	  -2.886858e-03
   1.875000e+01	  -2.422864e-03
   1.880000e+01	  -2.137878e-03
   1.885000e+01	  -1.498004e-03
   1.890000e+01	  -1.064417e-03
   1.895000e+01	  -3.196875e-04
   1.900000e+01	   1.806744e-04
   1.905000e+01	   9.411594e-04
   1.910000e+01	   1.415785e-03
   1.915000e+01	   2.100104e-03
   1.920000e+01	   2.461550e-03
   1.925000e+01	   2.990332e-03
   1.930000e+01	   3.170394e-03
   1.935000e+01	   3.489069e-03
   1.940000e+01	   3.448550e-03
   1.945000e+01	   3.534275e-03
   1.950000e+01	   3.266902e-03
   1.955000e+01	   3.129516e-03
   1.960000e+01	   2.660180e-03
   1.965000e+01	   2.338099e-03
   1.970000e+01	   1.716869e-03
   1.975000e+01	   1.269724e-03
   1.980000e+01	   5.635836e-04
   1.985000e+01	   6.348005e-05
   1.990000e+01	  -6.525446e-04
   1.995000e+01	  -1.129790e-03
   2.000000e+01	  -1.781137e-03
   2.005000e+01	  -2.164163e-03
   2.010000e+01	  -2.684520e-03
   2.015000e+01	  -2.913807e-03
   2.020000e+01	  -3.252061e-03
   2.025000e+01	  -3.286365e-03
   2.030000e+01	  -3.412408e-03
   2.035000e+01	  -3.233788e-03
   2.040000e+01	  -3.142582e-03
   2.045000e+01	  -2.759309e-03
   2.050000e+01	  -2.472467e-03
   2.055000e+01	  -1.919126e-03
   2.060000e+01	  -1.483419e-03
   2.065000e+01	  -8.177802e-04
   2.070000e+01	  -3.003876e-04
   2.075000e+01	   4.029063e-04
   2.080000e+01	   9.221479e-04
   2.085000e+01	   1.580595e-03
   2.090000e+01	   2.019249e-03
   2.095000e+01	   2.553317e-03
   2.100000e+01	   2.837632e-03
   2.105000e+01	   3.182134e-03
   2.110000e+01	   3.258089e-03
   2.115000e+01	   3.372462e-03
   2.120000e+01	   3.214823e-03
   2.125000e+01	   3.090489e-03
   2.130000e+01	   2.708046e-03
   2.135000e+01	   2.371172e-03
   2.140000e+01	   1.806762e-03
   2.145000e+01	   1.315404e-03
   2.150000e+01	   6.401777e-04
   2.155000e+01	   7.583905e-05
   2.160000e+01	  -6.215688e-04
   2.165000e+01	  -1.166691e-03
   2.170000e+01	  -1.794247e-03
   2.175000e+01	  -2.232012e-03
   2.180000e+01	  -2.708982e-03
   2.185000e+01	  -2.969210e-03
   2.190000e+01	  -3.238582e-03
   2.195000e+01	  -3.279410e-03
   2.200000e+01	  -3.315705e-03
   2.205000e+01	  -3.128530e-03
   2.210000e+01	  -2.939760e-03
   2.215000e+01	  -2.548273e-03
   2.220000e+01	  -2.172280e-03
   2.225000e+01	  -1.626508e-03
   2.230000e+01	  -1.123207e-03
   2.235000e+01	  -4.905108e-04
   2.240000e+01	   6.777262e-05
   2.245000e+01	   7.124867e-04
   2.250000e+01	   1.250498e-03
   2.255000e+01	   1.833627e-03
   2.260000e+01	   2.281192e-03
   2.265000e+01	   2.737541e-03
   2.270000e+01	   3.035815e-03
   2.275000e+01	   3.314098e-03
   2.280000e+01	   3.420479e-03
   2.285000e+01	   3.487805e-03
   2.290000e+01	   3.380078e-03
   2.295000e+01	   3.225782e-03
   2.300000e+01	   2.905582e-03
   2.305000e+01	   2.544127e-03
   2.310000e+01	   2.039007e-03
   2.315000e+01	   1.510923e-03
   2.320000e+01	   8.738313e-04
   2.325000e+01	   2.434121e-04
   2.330000e+01	  -4.515981e-04
   2.335000e+01	  -1.102659e-03
   2.340000e+01	  -1.768823e-03
   2.345000e+01	  -2.351638e-03
   2.350000e+01	  -2.901124e-03
   2.355000e+01	  -3.332199e-03
   2.360000e+01	  -3.689065e-03
   2.365000e+01	  -3.903007e-03
   2.370000e+01	  -4.015036e-03
   2.375000e+01	  -3.974966e-03
   2.380000e+01	  -3.822188e-03
   2.385000e+01	  -3.525988e-03
   2.390000e+01	  -3.124400e-03
   2.395000e+01	  -2.605764e-03
   2.400000e+01	  -2.005674e-03
   2.405000e+01	  -1.329823e-03
   2.410000e+01	  -6.090873e-04
   2.415000e+01	   1.362388e-04
   2.420000e+01	   8.831390e-04
   2.425000e+01	   1.600121e-03
   2.430000e+01	   2.275569e-03
   2.435000e+01	   2.870317e-03
   2.440000e+01	   3.387513e-03
   2.445000e+01	   3.783373e-03
   2.450000e+01	   4.078424e-03
   2.455000e+01	   4.226315e-03
   2.460000e+01	   4.266373e-03
   2.465000e+01	   4.150415e-03
   2.470000e+01	   3.936617e-03
   2.475000e+01	   3.574357e-03
   2.480000e+01	   3.139468e-03
   2.485000e+01	   2.577214e-03
   2.490000e+01	   1.979044e-03
   2.495000e+01	   1.283819e-03
   2.500000e+01	   5.962032e-04
   2.505000e+01	  -1.537456e-04
   2.510000e+01	  -8.504608e-04
   2.515000e+01	  -1.574826e-03
   2.520000e+01	  -2.202294e-03
   2.525000e+01	  -2.826380e-03
   2.530000e+01	  -3.315014e-03
   2.535000e+01	  -3.775594e-03
   2.540000e+01	  -4.069618e-03
   2.545000e+01	  -4.319334e-03
   2.550000e+01	  -4.380705e-03
   2.555000e+01	  -4.391684e-03
   2.560000e+01	  -4.203532e-03
   2.565000e+01	  -3.970690e-03
   2.570000e+01	  -3.540423e-03
   2.575000e+01	  -3.084221e-03
   2.580000e+01	  -2.445675e-03
   2.585000e+01	  -1.813310e-03
   2.590000e+01	  -1.026604e-03
   2.595000e+01	  -2.901513e-04
   2.600000e+01	   5.622086e-04
   2.605000e+01	   1.311927e-03
   2.610000e+01	   2.133469e-03
   2.615000e+01	   2.797476e-03
   2.620000e+01	   3.490202e-03
   2.625000e+01	   3.975154e-03
   2.630000e+01	   4.454030e-03
   2.635000e+01	   4.686654e-03
   2.640000e+01	   4.893202e-03
   2.645000e+01	   4.832266e-03
   2.650000e+01	   4.744224e-03
   2.655000e+01	   4.387346e-03
   2.660000e+01	   4.022262e-03
   2.665000e+01	   3.406134e-03
   2.670000e+01	   2.818277e-03
   2.675000e+01	   2.012528e-03
   2.680000e+01	   1.284131e-03
   2.685000e+01	   3.804750e-04
   2.690000e+01	  -3.906044e-04
   2.695000e+01	  -1.291555e-03
   2.700000e+01	  -2.005271e-03
   2.705000e+01	  -2.807162e-03
   2.710000e+01	  -3.373701e-03
   2.715000e+01	  -3.995754e-03
   2.720000e+01	  -4.345472e-03
   2.725000e+01	  -4.730829e-03
   2.730000e+01	  -4.820866e-03
   2.735000e+01	  -4.941400e-03
   2.740000e+01	  -4.758634e-03
   2.745000e+01	  -4.616050e-03
   2.750000e+01	  -4.176425e-03
   2.755000e+01	  -3.799936e-03
   2.760000e+01	  -3.144659e-03
   2.765000e+01	  -2.585944e-03
   2.770000e+01	  -1.775499e-03
   2.775000e+01	  -1.102099e-03
   2.780000e+01	  -2.093401e-04
   2.785000e+01	   5.022646e-04
   2.790000e+01	   1.398815e-03
   2.795000e+01	   2.069540e-03
   2.800000e+01	   2.891610e-03
   2.805000e+01	   3.445308e-03
   2.810000e+01	   4.120148e-03
   2.815000e+01	   4.488772e-03
   2.820000e+01	   4.954393e-03
   2.825000e+01	   5.083439e-03
   2.830000e+01	   5.294320e-03
   2.835000e+01	   5.148777e-03
   2.840000e+01	   5.081914e-03
   2.845000e+01	   4.652166e-03
   2.850000e+01	   4.312478e-03
   2.855000e+01	   3.618800e-03
   2.860000e+01	   3.042282e-03
   2.865000e+01	   2.136212e-03
   2.870000e+01	   1.389158e-03
   2.875000e+01	   3.502958e-04
   2.880000e+01	  -4.764964e-04
   2.885000e+01	  -1.548876e-03
   2.890000e+01	  -2.350909e-03
   2.895000e+01	  -3.350743e-03
   2.900000e+01	  -4.024282e-03
   2.905000e+01	  -4.854113e-03
   2.910000e+01	  -5.311767e-03
   2.915000e+01	  -5.897696e-03
   2.920000e+01	  -6.081936e-03
   2.925000e+01	  -6.384978e-03
   2.930000e+01	  -6.276706e-03
   2.935000e+01	  -6.298111e-03
   2.940000e+01	  -5.918496e-03
   2.945000e+01	  -5.698081e-03
   2.950000e+01	  -5.103571e-03
   2.955000e+01	  -4.711802e-03
   2.960000e+01	  -3.983815e-03
   2.965000e+01	  -3.509729e-03
   2.970000e+01	  -2.741470e-03
   2.975000e+01	  -2.279021e-03
   2.980000e+01	  -1.561906e-03
   2.985000e+01	  -1.196905e-03
   2.990000e+01	  -6.083060e-04
   2.995000e+01	  -4.071120e-04
   3.000000e+01	   0.000000e+00
