-3.000000e+01
-2.987976e+01
-2.975952e+01
-2.963928e+01
-2.951904e+01
-2.939880e+01
-2.927856e+01
-2.915832e+01
-2.903808e+01
-2.891784e+01
-2.879760e+01
-2.867735e+01
-2.855711e+01
-2.843687e+01
-2.831663e+01
-2.819639e+01
-2.807615e+01
-2.795591e+01
-2.783567e+01
-2.771543e+01
-2.759519e+01
-2.747495e+01
-2.735471e+01
-2.723447e+01
-2.711423e+01
-2.699399e+01
-2.687375e+01
-2.675351e+01
-2.663327e+01
-2.651303e+01
-2.639279e+01
-2.627255e+01
-2.615230e+01
-2.603206e+01
-2.591182e+01
-2.579158e+01
-2.567134e+01
-2.555110e+01
-2.543086e+01
-2.531062e+01
-2.519038e+01
-2.507014e+01
-2.494990e+01
-2.482966e+01
-2.470942e+01
-2.458918e+01
-2.446894e+01
-2.434870e+01
-2.422846e+01
-2.410822e+01
-2.398798e+01
-2.386774e+01
-2.374749e+01
-2.362725e+01
-2.350701e+01
-2.338677e+01
-2.326653e+01
-2.314629e+01
-2.302605e+01
-2.290581e+01
-2.278557e+01
-2.266533e+01
-2.254509e+01
-2.242485e+01
-2.230461e+01
-2.218437e+01
-2.206413e+01
-2.194389e+01
-2.182365e+01
-2.170341e+01
-2.158317e+01
-2.146293e+01
-2.134269e+01
-2.122244e+01
-2.110220e+01
-2.098196e+01
-2.086172e+01
-2.074148e+01
-2.062124e+01
-2.050100e+01
-2.038076e+01
-2.026052e+01
-2.014028e+01
-2.002004e+01
-1.989980e+01
-1.977956e+01
-1.965932e+01
-1.953908e+01
-1.941884e+01
-1.929860e+01
-1.917836e+01
-1.905812e+01
-1.893788e+01
-1.881764e+01
-1.869739e+01
-1.857715e+01
-1.845691e+01
-1.833667e+01
-1.821643e+01
-1.809619e+01
-1.797595e+01
-1.785571e+01
-1.773547e+01
-1.761523e+01
-1.749499e+01
-1.737475e+01
-1.725451e+01
-1.713427e+01
-1.701403e+01
-1.689379e+01
-1.677355e+01
-1.665331e+01
-1.653307e+01
-1.641283e+01
-1.629259e+01
-1.617234e+01
-1.605210e+01
-1.593186e+01
-1.581162e+01
-1.569138e+01
-1.557114e+01
-1.545090e+01
-1.533066e+01
-1.521042e+01
-1.509018e+01
-1.496994e+01
-1.484970e+01
-1.472946e+01
-1.460922e+01
-1.448898e+01
-1.436874e+01
-1.424850e+01
-1.412826e+01
-1.400802e+01
-1.388778e+01
-1.376754e+01
-1.364729e+01
-1.352705e+01
-1.340681e+01
-1.328657e+01
-1.316633e+01
-1.304609e+01
-1.292585e+01
-1.280561e+01
-1.268537e+01
-1.256513e+01
-1.244489e+01
-1.232465e+01
-1.220441e+01
-1.208417e+01
-1.196393e+01
-1.184369e+01
-1.172345e+01
-1.160321e+01
-1.148297e+01
-1.136273e+01
-1.124248e+01
-1.112224e+01
-1.100200e+01
-1.088176e+01
-1.076152e+01
-1.064128e+01
-1.052104e+01
-1.040080e+01
-1.028056e+01
-1.016032e+01
-1.004008e+01
-9.919840e+00
-9.799599e+00
-9.679359e+00
-9.559118e+00
-9.438878e+00
-9.318637e+00
-9.198397e+00
-9.078156e+00
-8.957916e+00
-8.837675e+00
-8.717435e+00
-8.597194e+00
-8.476954e+00
-8.356713e+00
-8.236473e+00
-8.116232e+00
-7.995992e+00
-7.875752e+00
-7.755511e+00
-7.635271e+00
-7.515030e+00
-7.394790e+00
-7.274549e+00
-7.154309e+00
-7.034068e+00
-6.913828e+00
-6.793587e+00
-6.673347e+00
-6.553106e+00
-6.432866e+00
-6.312625e+00
-6.192385e+00
-6.072144e+00
-5.951904e+00
-5.831663e+00
-5.711423e+00
-5.591182e+00
-5.470942e+00
-5.350701e+00
-5.230461e+00
-5.110220e+00
-4.989980e+00
-4.869739e+00
-4.749499e+00
-4.629259e+00
-4.509018e+00
-4.388778e+00
-4.268537e+00
-4.148297e+00
-4.028056e+00
-3.907816e+00
-3.787575e+00
-3.667335e+00
-3.547094e+00
-3.426854e+00
-3.306613e+00
-3.186373e+00
-3.066132e+00
-2.945892e+00
-2.825651e+00
-2.705411e+00
-2.585170e+00
-2.464930e+00
-2.344689e+00
-2.224449e+00
-2.104208e+00
-1.983968e+00
-1.863727e+00
-1.743487e+00
-1.623246e+00
-1.503006e+00
-1.382766e+00
-1.262525e+00
-1.142285e+00
-1.022044e+00
-9.018036e-01
-7.815631e-01
-6.613226e-01
-5.410822e-01
-4.208417e-01
-3.006012e-01
-1.803607e-01
-6.012024e-02
6.012024e-02
1.803607e-01
3.006012e-01
4.208417e-01
5.410822e-01
6.613226e-01
7.815631e-01
9.018036e-01
1.022044e+00
1.142285e+00
1.262525e+00
1.382766e+00
1.503006e+00
1.623246e+00
1.743487e+00
1.863727e+00
1.983968e+00
2.104208e+00
2.224449e+00
2.344689e+00
2.464930e+00
2.585170e+00
2.705411e+00
2.825651e+00
2.945892e+00
3.066132e+00
3.186373e+00
3.306613e+00
3.426854e+00
3.547094e+00
3.667335e+00
3.787575e+00
3.907816e+00
4.028056e+00
4.148297e+00
4.268537e+00
4.388778e+00
4.509018e+00
4.629259e+00
4.749499e+00
4.869739e+00
4.989980e+00
5.110220e+00
5.230461e+00
5.350701e+00
5.470942e+00
5.591182e+00
5.711423e+00
5.831663e+00
5.951904e+00
6.072144e+00
6.192385e+00
6.312625e+00
6.432866e+00
6.553106e+00
6.673347e+00
6.793587e+00
6.913828e+00
7.034068e+00
7.154309e+00
7.274549e+00
7.394790e+00
7.515030e+00
7.635271e+00
7.755511e+00
7.875752e+00
7.995992e+00
8.116232e+00
8.236473e+00
8.356713e+00
8.476954e+00
8.597194e+00
8.717435e+00
8.837675e+00
8.957916e+00
9.078156e+00
9.198397e+00
9.318637e+00
9.438878e+00
9.559118e+00
9.679359e+00
9.799599e+00
9.919840e+00
1.004008e+01
1.016032e+01
1.028056e+01
1.040080e+01
1.052104e+01
1.064128e+01
1.076152e+01
1.088176e+01
1.100200e+01
1.112224e+01
1.124248e+01
1.136273e+01
1.148297e+01
1.160321e+01
1.172345e+01
1.184369e+01
1.196393e+01
1.208417e+01
1.220441e+01
1.232465e+01
1.244489e+01
1.256513e+01
1.268537e+01
1.280561e+01
1.292585e+01
1.304609e+01
1.316633e+01
1.328657e+01
1.340681e+01
1.352705e+01
1.364729e+01
1.376754e+01
1.388778e+01
1.400802e+01
1.412826e+01
1.424850e+01
1.436874e+01
1.448898e+01
1.460922e+01
1.472946e+01
1.484970e+01
1.496994e+01
1.509018e+01
1.521042e+01
1.533066e+01
1.545090e+01
1.557114e+01
1.569138e+01
1.581162e+01
1.593186e+01
1.605210e+01
1.617234e+01
1.629259e+01
1.641283e+01
1.653307e+01
1.665331e+01
1.677355e+01
1.689379e+01
1.701403e+01
1.713427e+01
1.725451e+01
1.737475e+01
1.749499e+01
1.761523e+01
1.773547e+01
1.785571e+01
1.797595e+01
1.809619e+01
1.821643e+01
1.833667e+01
1.845691e+01
1.857715e+01
1.869739e+01
1.881764e+01
1.893788e+01
1.905812e+01
1.917836e+01
1.929860e+01
1.941884e+01
1.953908e+01
1.965932e+01
1.977956e+01
1.989980e+01
2.002004e+01
2.014028e+01
2.026052e+01
2.038076e+01
2.050100e+01
2.062124e+01
2.074148e+01
2.086172e+01
2.098196e+01
2.110220e+01
2.122244e+01
2.134269e+01
2.146293e+01
2.158317e+01
2.170341e+01
2.182365e+01
2.194389e+01
2.206413e+01
2.218437e+01
2.230461e+01
2.242485e+01
2.254509e+01
2.266533e+01
2.278557e+01
2.290581e+01
2.302605e+01
2.314629e+01
2.326653e+01
2.338677e+01
2.350701e+01
2.362725e+01
2.374749e+01
2.386774e+01
2.398798e+01
2.410822e+01
2.422846e+01
2.434870e+01
2.446894e+01
2.458918e+01
2.470942e+01
2.482966e+01
2.494990e+01
2.507014e+01
2.519038e+01
2.531062e+01
2.543086e+01
2.555110e+01
2.567134e+01
2.579158e+01
2.591182e+01
2.603206e+01
2.615230e+01
2.627255e+01
2.639279e+01
2.651303e+01
2.663327e+01
2.675351e+01
2.687375e+01
2.699399e+01
2.711423e+01
2.723447e+01
2.735471e+01
2.747495e+01
2.759519e+01
2.771543e+01
2.783567e+01
2.795591e+01
2.807615e+01
2.819639e+01
2.831663e+01
2.843687e+01
2.855711e+01
2.867735e+01
2.879760e+01
2.891784e+01
2.903808e+01
2.915832e+01
2.927856e+01
2.939880e+01
2.951904e+01
2.963928e+01
2.975952e+01
2.987976e+01
3.000000e+01
