8.800000e-02
2.110000e-01
3.310000e-01
4.850000e-01
6.430000e-01
8.280000e-01
9.620000e-01
1.128000e+00
1.320000e+00
1.481000e+00
1.656000e+00
1.810000e+00
1.929000e+00
2.074000e+00
2.253000e+00
2.367000e+00
2.544000e+00
2.944000e+00
3.546000e+00
3.679000e+00
4.086000e+00
4.192000e+00
4.852000e+00
5.108000e+00
5.209000e+00
5.310000e+00
5.411000e+00
5.512000e+00
5.613000e+00
5.714000e+00
5.815000e+00
5.916000e+00
6.017000e+00
6.118000e+00
6.219000e+00
6.320000e+00
6.421000e+00
6.522000e+00
6.623000e+00
6.724000e+00
6.825000e+00
6.926000e+00
7.027000e+00
7.128000e+00
7.229000e+00
7.330000e+00
7.431000e+00
7.532000e+00
7.633000e+00
7.734000e+00
7.835000e+00
7.936000e+00
8.037000e+00
8.138000e+00
8.239000e+00
8.340000e+00
8.441000e+00
8.542000e+00
8.643000e+00
8.744000e+00
8.845000e+00
8.946000e+00
9.047000e+00
9.148000e+00
9.249000e+00
9.350000e+00
9.451000e+00
9.552000e+00
9.653000e+00
9.754000e+00
9.855000e+00
9.956000e+00
1.005700e+01
1.015800e+01
1.025900e+01
1.036000e+01
1.046100e+01
1.056200e+01
1.066300e+01
1.076400e+01
1.086500e+01
1.096600e+01
1.106700e+01
1.116800e+01
1.126900e+01
1.137000e+01
1.147100e+01
1.157200e+01
1.167300e+01
1.177400e+01
1.187500e+01
1.197600e+01
1.207700e+01
1.217800e+01
1.227900e+01
1.238000e+01
1.248100e+01
1.258200e+01
1.268300e+01
1.278400e+01
1.288500e+01
1.298600e+01
1.308700e+01
1.318800e+01
1.328900e+01
1.339000e+01
1.349100e+01
1.359200e+01
1.369300e+01
1.379400e+01
1.389500e+01
1.399600e+01
1.409700e+01
1.419800e+01
1.429900e+01
1.440000e+01
1.450100e+01
1.460200e+01
1.470300e+01
1.480400e+01
1.490500e+01
1.500600e+01
1.510700e+01
1.520800e+01
1.530900e+01
1.541000e+01
1.551100e+01
1.561200e+01
1.571300e+01
1.581400e+01
1.591500e+01
1.601600e+01
1.611700e+01
1.621800e+01
1.631900e+01
1.642000e+01
1.652100e+01
1.662200e+01
1.672300e+01
1.682400e+01
1.692500e+01
1.702600e+01
1.712700e+01
1.722800e+01
1.732900e+01
1.743000e+01
1.753100e+01
1.763200e+01
1.773300e+01
1.783400e+01
1.793500e+01
1.803600e+01
1.813700e+01
1.823800e+01
1.833900e+01
1.844000e+01
1.854100e+01
1.864200e+01
1.874300e+01
1.884400e+01
1.894500e+01
1.904600e+01
1.914700e+01
1.924800e+01
1.934900e+01
1.945000e+01
1.955100e+01
1.965200e+01
1.975300e+01
1.985400e+01
1.995500e+01
2.005600e+01
2.015700e+01
2.025800e+01
2.035900e+01
2.046000e+01
2.056100e+01
2.066200e+01
2.076300e+01
2.086400e+01
2.096500e+01
2.106600e+01
2.116700e+01
2.126800e+01
2.136900e+01
2.147000e+01
2.157100e+01
2.167200e+01
2.177300e+01
2.187400e+01
2.197500e+01
2.207600e+01
2.217700e+01
2.227800e+01
2.237900e+01
2.248000e+01
2.258100e+01
2.268200e+01
2.278300e+01
2.288400e+01
2.298500e+01
2.308600e+01
2.318700e+01
2.328800e+01
2.338900e+01
2.349000e+01
2.359100e+01
2.369200e+01
2.379300e+01
2.389400e+01
2.399500e+01
2.409600e+01
2.419700e+01
2.429800e+01
2.439900e+01
2.450000e+01
2.460100e+01
2.470200e+01
2.480300e+01
2.490400e+01
2.500500e+01
2.510600e+01
2.520700e+01
2.530800e+01
2.540900e+01
2.551000e+01
2.561100e+01
2.571200e+01
2.581300e+01
2.591400e+01
2.601500e+01
2.611600e+01
2.621700e+01
2.631800e+01
2.641900e+01
2.652000e+01
2.662100e+01
2.672200e+01
2.682300e+01
2.692400e+01
2.702500e+01
2.712600e+01
2.722700e+01
2.732800e+01
2.742900e+01
2.753000e+01
2.763100e+01
2.773200e+01
2.783300e+01
2.793400e+01
2.803500e+01
2.813600e+01
2.823700e+01
2.833800e+01
2.843900e+01
2.854000e+01
2.864100e+01
2.874200e+01
2.884300e+01
2.894400e+01
2.904500e+01
2.914600e+01
2.924700e+01
2.934800e+01
2.944900e+01
2.955000e+01
2.965100e+01
2.975200e+01
2.985300e+01
2.995400e+01
3.005500e+01
3.015600e+01
3.025700e+01
3.035800e+01
3.045900e+01
3.056000e+01
3.066100e+01
3.076200e+01
3.086300e+01
3.096400e+01
3.106500e+01
3.116600e+01
3.126700e+01
3.136800e+01
3.146900e+01
3.157000e+01
3.167100e+01
3.177200e+01
3.187300e+01
3.197400e+01
3.207500e+01
3.217600e+01
3.227700e+01
3.237800e+01
3.247900e+01
3.258000e+01
3.268100e+01
3.278200e+01
3.288300e+01
3.298400e+01
3.308500e+01
3.318600e+01
3.328700e+01
3.338800e+01
3.348900e+01
3.359000e+01
3.369100e+01
3.379200e+01
3.389300e+01
3.399400e+01
3.409500e+01
3.419600e+01
3.429700e+01
3.439800e+01
3.449900e+01
3.460000e+01
3.470100e+01
3.480200e+01
3.490300e+01
3.500400e+01
3.510500e+01
3.520600e+01
3.530700e+01
3.540800e+01
3.550900e+01
3.561000e+01
3.571100e+01
3.581200e+01
3.591300e+01
3.601400e+01
3.611500e+01
3.621600e+01
3.631700e+01
3.641800e+01
3.651900e+01
3.662000e+01
3.672100e+01
3.682200e+01
3.692300e+01
3.702400e+01
3.712500e+01
3.722600e+01
3.732700e+01
3.742800e+01
3.752900e+01
3.763000e+01
3.773100e+01
3.783200e+01
3.793300e+01
3.803400e+01
3.813500e+01
3.823600e+01
3.833700e+01
3.843800e+01
3.853900e+01
3.864000e+01
3.874100e+01
3.884200e+01
3.894300e+01
3.904400e+01
3.914500e+01
3.924600e+01
3.934700e+01
3.944800e+01
3.954900e+01
3.965000e+01
3.975100e+01
3.985200e+01
3.995300e+01
4.005400e+01
4.015500e+01
4.025600e+01
4.035700e+01
4.045800e+01
4.055900e+01
4.066000e+01
4.076100e+01
4.086200e+01
4.096300e+01
4.106400e+01
4.116500e+01
4.126600e+01
4.136700e+01
4.146800e+01
4.156900e+01
4.167000e+01
4.177100e+01
4.187200e+01
4.197300e+01
4.207400e+01
4.217500e+01
4.227600e+01
4.237700e+01
4.247800e+01
4.257900e+01
4.268000e+01
4.278100e+01
4.288200e+01
4.298300e+01
4.308400e+01
4.318500e+01
4.328600e+01
4.338700e+01
4.348800e+01
4.358900e+01
4.369000e+01
4.379100e+01
4.389200e+01
4.399300e+01
4.409400e+01
4.419500e+01
4.429600e+01
4.439700e+01
4.449800e+01
4.459900e+01
4.470000e+01
4.480100e+01
4.490200e+01
4.500300e+01
4.510400e+01
4.520500e+01
4.530600e+01
4.540700e+01
4.550800e+01
4.560900e+01
4.571000e+01
4.581100e+01
4.591200e+01
4.601300e+01
4.611400e+01
4.621500e+01
4.631600e+01
4.641700e+01
4.651800e+01
4.661900e+01
4.672000e+01
4.682100e+01
4.692200e+01
4.702300e+01
4.712400e+01
4.722500e+01
4.732600e+01
4.742700e+01
4.752800e+01
4.762900e+01
4.773000e+01
4.783100e+01
4.793200e+01
4.803300e+01
4.813400e+01
4.823500e+01
4.833600e+01
4.843700e+01
4.853800e+01
4.863900e+01
4.874000e+01
4.884100e+01
4.894200e+01
4.904300e+01
4.914400e+01
4.924500e+01
4.934600e+01
4.944700e+01
4.954800e+01
4.964900e+01
4.975000e+01
4.985100e+01
4.995200e+01
5.005300e+01
5.015400e+01
5.025500e+01
5.035600e+01
5.045700e+01
5.055800e+01
5.065900e+01
5.076000e+01
5.086100e+01
5.096200e+01
5.106300e+01
5.116400e+01
5.126500e+01
5.136600e+01
5.146700e+01
5.156800e+01
5.166900e+01
5.177000e+01
5.187100e+01
5.197200e+01
5.207300e+01
5.217400e+01
5.227500e+01
5.237600e+01
5.247700e+01
5.257800e+01
5.267900e+01
5.278000e+01
5.288100e+01
5.298200e+01
5.308300e+01
5.318400e+01
5.328500e+01
5.338600e+01
5.348700e+01
5.358800e+01
5.368900e+01
5.379000e+01
5.389100e+01
5.399200e+01
5.409300e+01
5.419400e+01
5.429500e+01
5.439600e+01
5.449700e+01
5.459800e+01
5.469900e+01
5.480000e+01
5.490100e+01
5.500200e+01
5.510300e+01
5.520400e+01
5.530500e+01
5.540600e+01
5.550700e+01
5.560800e+01
5.570900e+01
5.581000e+01
5.591100e+01
5.601200e+01
5.611300e+01
5.621400e+01
5.631500e+01
5.641600e+01
5.651700e+01
5.661800e+01
5.671900e+01
5.682000e+01
5.692100e+01
5.702200e+01
5.712300e+01
5.722400e+01
5.732500e+01
5.742600e+01
5.752700e+01
5.762800e+01
5.772900e+01
5.783000e+01
5.793100e+01
5.803200e+01
5.813300e+01
5.823400e+01
5.833500e+01
5.843600e+01
5.853700e+01
5.863800e+01
5.873900e+01
5.884000e+01
5.894100e+01
5.904200e+01
5.914300e+01
5.924400e+01
5.934500e+01
5.944600e+01
5.954700e+01
5.964800e+01
5.974900e+01
5.985000e+01
5.995100e+01
5.996200e+01
5.997300e+01
5.998400e+01
5.999500e+01
5.999600e+01
5.999700e+01
5.999800e+01
5.999900e+01
