   0.000000e+00	   0.000000e+00
   8.008008e-03	  -2.112836e-03
   1.601602e-02	  -4.236592e-03
   2.402402e-02	  -6.381757e-03
   3.203203e-02	  -8.557967e-03
   4.004004e-02	  -1.077362e-02
   4.804805e-02	  -1.303552e-02
   5.605606e-02	  -1.534856e-02
   6.406406e-02	  -1.771553e-02
   7.207207e-02	  -2.013690e-02
   8.008008e-02	  -2.261077e-02
   8.808809e-02	  -2.513288e-02
   9.609610e-02	  -2.769668e-02
   1.041041e-01	  -3.029353e-02
   1.121121e-01	  -3.291291e-02
   1.201201e-01	  -3.554278e-02
   1.281281e-01	  -3.816986e-02
   1.361361e-01	  -4.078004e-02
   1.441441e-01	  -4.335876e-02
   1.521522e-01	  -4.589130e-02
   1.601602e-01	  -4.836321e-02
   1.681682e-01	  -5.076046e-02
   1.761762e-01	  -5.306978e-02
   1.841842e-01	  -5.527877e-02
   1.921922e-01	  -5.737604e-02
   2.002002e-01	  -5.935124e-02
   2.082082e-01	  -6.119514e-02
   2.162162e-01	  -6.289956e-02
   2.242242e-01	  -6.445735e-02
   2.322322e-01	  -6.586235e-02
   2.402402e-01	  -6.710927e-02
   2.482482e-01	  -6.819366e-02
   2.562563e-01	  -6.911184e-02
   2.642643e-01	  -6.986079e-02
   2.722723e-01	  -7.043815e-02
   2.802803e-01	  -7.084213e-02
   2.882883e-01	  -7.107149e-02
   2.962963e-01	  -7.112551e-02
   3.043043e-01	  -7.100395e-02
   3.123123e-01	  -7.070705e-02
   3.203203e-01	  -7.023551e-02
   3.283283e-01	  -6.959048e-02
   3.363363e-01	  -6.877352e-02
   3.443443e-01	  -6.778666e-02
   3.523524e-01	  -6.663232e-02
   3.603604e-01	  -6.531337e-02
   3.683684e-01	  -6.383305e-02
   3.763764e-01	  -6.219503e-02
   3.843844e-01	  -6.040334e-02
   3.923924e-01	  -5.846243e-02
   4.004004e-01	  -5.637707e-02
   4.084084e-01	  -5.415243e-02
   4.164164e-01	  -5.179400e-02
   4.244244e-01	  -4.930761e-02
   4.324324e-01	  -4.669940e-02
   4.404404e-01	  -4.397581e-02
   4.484484e-01	  -4.114358e-02
   4.564565e-01	  -3.820970e-02
   4.644645e-01	  -3.518141e-02
   4.724725e-01	  -3.206621e-02
   4.804805e-01	  -2.887178e-02
   4.884885e-01	  -2.560602e-02
   4.964965e-01	  -2.227700e-02
   5.045045e-01	  -1.889295e-02
   5.125125e-01	  -1.546221e-02
   5.205205e-01	  -1.199327e-02
   5.285285e-01	  -8.494707e-03
   5.365365e-01	  -4.975153e-03
   5.445445e-01	  -1.443307e-03
   5.525526e-01	   2.092104e-03
   5.605606e-01	   5.622347e-03
   5.685686e-01	   9.138699e-03
   5.765766e-01	   1.263247e-02
   5.845846e-01	   1.609504e-02
   5.925926e-01	   1.951784e-02
   6.006006e-01	   2.289242e-02
   6.086086e-01	   2.621044e-02
   6.166166e-01	   2.946370e-02
   6.246246e-01	   3.264417e-02
   6.326326e-01	   3.574399e-02
   6.406406e-01	   3.875550e-02
   6.486486e-01	   4.167127e-02
   6.566567e-01	   4.448408e-02
   6.646647e-01	   4.718699e-02
   6.726727e-01	   4.977332e-02
   6.806807e-01	   5.223669e-02
   6.886887e-01	   5.457103e-02
   6.966967e-01	   5.677058e-02
   7.047047e-01	   5.882995e-02
   7.127127e-01	   6.074410e-02
   7.207207e-01	   6.250841e-02
   7.287287e-01	   6.411865e-02
   7.367367e-01	   6.557112e-02
   7.447447e-01	   6.686258e-02
   7.527528e-01	   6.799040e-02
   7.607608e-01	   6.895262e-02
   7.687688e-01	   6.974802e-02
   7.767768e-01	   7.037626e-02
   7.847848e-01	   7.083798e-02
   7.927928e-01	   7.113499e-02
   8.008008e-01	   7.127043e-02
   8.088088e-01	   7.124891e-02
   8.168168e-01	   7.107671e-02
   8.248248e-01	   7.076196e-02
   8.328328e-01	   7.031480e-02
   8.408408e-01	   6.974745e-02
   8.488488e-01	   6.907435e-02
   8.568569e-01	   6.831217e-02
   8.648649e-01	   6.747978e-02
   8.728729e-01	   6.659814e-02
   8.808809e-01	   6.569015e-02
   8.888889e-01	   6.478041e-02
   8.968969e-01	   6.389495e-02
   9.049049e-01	   6.306089e-02
   9.129129e-01	   6.230609e-02
   9.209209e-01	   6.165876e-02
   9.289289e-01	   6.114715e-02
   9.369369e-01	   6.079910e-02
   9.449449e-01	   6.064182e-02
   9.529530e-01	   6.070146e-02
   9.609610e-01	   6.100295e-02
   9.689690e-01	   6.156963e-02
   9.769770e-01	   6.242306e-02
   9.849850e-01	   6.358270e-02
   9.929930e-01	   6.506565e-02
   1.001001e+00	   6.688633e-02
   1.009009e+00	   6.905612e-02
   1.017017e+00	   7.158296e-02
   1.025025e+00	   7.447095e-02
   1.033033e+00	   7.771993e-02
   1.041041e+00	   8.132507e-02
   1.049049e+00	   8.527650e-02
   1.057057e+00	   8.955903e-02
   1.065065e+00	   9.415203e-02
   1.073073e+00	   9.902937e-02
   1.081081e+00	   1.041596e-01
   1.089089e+00	   1.095064e-01
   1.097097e+00	   1.150288e-01
   1.105105e+00	   1.206822e-01
   1.113113e+00	   1.264192e-01
   1.121121e+00	   1.321903e-01
   1.129129e+00	   1.379449e-01
   1.137137e+00	   1.436328e-01
   1.145145e+00	   1.492044e-01
   1.153153e+00	   1.546123e-01
   1.161161e+00	   1.598114e-01
   1.169169e+00	   1.647598e-01
   1.177177e+00	   1.694194e-01
   1.185185e+00	   1.737558e-01
   1.193193e+00	   1.777384e-01
   1.201201e+00	   1.813410e-01
   1.209209e+00	   1.845406e-01
   1.217217e+00	   1.873184e-01
   1.225225e+00	   1.896584e-01
   1.233233e+00	   1.915481e-01
   1.241241e+00	   1.929775e-01
   1.249249e+00	   1.939391e-01
   1.257257e+00	   1.944276e-01
   1.265265e+00	   1.944399e-01
   1.273273e+00	   1.939745e-01
   1.281281e+00	   1.930315e-01
   1.289289e+00	   1.916126e-01
   1.297297e+00	   1.897209e-01
   1.305305e+00	   1.873609e-01
   1.313313e+00	   1.845382e-01
   1.321321e+00	   1.812597e-01
   1.329329e+00	   1.775335e-01
   1.337337e+00	   1.733686e-01
   1.345345e+00	   1.687754e-01
   1.353353e+00	   1.637653e-01
   1.361361e+00	   1.583506e-01
   1.369369e+00	   1.525446e-01
   1.377377e+00	   1.463618e-01
   1.385385e+00	   1.398174e-01
   1.393393e+00	   1.329275e-01
   1.401401e+00	   1.257092e-01
   1.409409e+00	   1.181804e-01
   1.417417e+00	   1.103595e-01
   1.425425e+00	   1.022660e-01
   1.433433e+00	   9.391989e-02
   1.441441e+00	   8.534171e-02
   1.449449e+00	   7.655268e-02
   1.457457e+00	   6.757451e-02
   1.465465e+00	   5.842940e-02
   1.473473e+00	   4.913993e-02
   1.481481e+00	   3.972906e-02
   1.489489e+00	   3.022003e-02
   1.497497e+00	   2.063634e-02
   1.505506e+00	   1.100166e-02
   1.513514e+00	   1.339803e-03
   1.521522e+00	  -8.325363e-03
   1.529530e+00	  -1.796996e-02
   1.537538e+00	  -2.757016e-02
   1.545546e+00	  -3.710225e-02
   1.553554e+00	  -4.654267e-02
   1.561562e+00	  -5.586810e-02
   1.569570e+00	  -6.505551e-02
   1.577578e+00	  -7.408218e-02
   1.585586e+00	  -8.292583e-02
   1.593594e+00	  -9.156461e-02
   1.601602e+00	  -9.997716e-02
   1.609610e+00	  -1.081427e-01
   1.617618e+00	  -1.160411e-01
   1.625626e+00	  -1.236528e-01
   1.633634e+00	  -1.309589e-01
   1.641642e+00	  -1.379416e-01
   1.649650e+00	  -1.445834e-01
   1.657658e+00	  -1.508680e-01
   1.665666e+00	  -1.567799e-01
   1.673674e+00	  -1.623045e-01
   1.681682e+00	  -1.674281e-01
   1.689690e+00	  -1.721382e-01
   1.697698e+00	  -1.764231e-01
   1.705706e+00	  -1.802723e-01
   1.713714e+00	  -1.836766e-01
   1.721722e+00	  -1.866279e-01
   1.729730e+00	  -1.891192e-01
   1.737738e+00	  -1.911453e-01
   1.745746e+00	  -1.927022e-01
   1.753754e+00	  -1.937877e-01
   1.761762e+00	  -1.944016e-01
   1.769770e+00	  -1.945456e-01
   1.777778e+00	  -1.942239e-01
   1.785786e+00	  -1.934436e-01
   1.793794e+00	  -1.922147e-01
   1.801802e+00	  -1.905506e-01
   1.809810e+00	  -1.884687e-01
   1.817818e+00	  -1.859905e-01
   1.825826e+00	  -1.831422e-01
   1.833834e+00	  -1.799545e-01
   1.841842e+00	  -1.764631e-01
   1.849850e+00	  -1.727089e-01
   1.857858e+00	  -1.687371e-01
   1.865866e+00	  -1.645978e-01
   1.873874e+00	  -1.603447e-01
   1.881882e+00	  -1.560352e-01
   1.889890e+00	  -1.517290e-01
   1.897898e+00	  -1.474874e-01
   1.905906e+00	  -1.433724e-01
   1.913914e+00	  -1.394458e-01
   1.921922e+00	  -1.357678e-01
   1.929930e+00	  -1.323965e-01
   1.937938e+00	  -1.293870e-01
   1.945946e+00	  -1.267906e-01
   1.953954e+00	  -1.246542e-01
   1.961962e+00	  -1.230204e-01
   1.969970e+00	  -1.219263e-01
   1.977978e+00	  -1.214042e-01
   1.985986e+00	  -1.214808e-01
   1.993994e+00	  -1.221772e-01
   2.002002e+00	  -1.235086e-01
   2.010010e+00	  -1.254845e-01
   2.018018e+00	  -1.281078e-01
   2.026026e+00	  -1.313747e-01
   2.034034e+00	  -1.352747e-01
   2.042042e+00	  -1.397897e-01
   2.050050e+00	  -1.448937e-01
   2.058058e+00	  -1.505533e-01
   2.066066e+00	  -1.567266e-01
   2.074074e+00	  -1.633644e-01
   2.082082e+00	  -1.704099e-01
   2.090090e+00	  -1.777995e-01
   2.098098e+00	  -1.854639e-01
   2.106106e+00	  -1.933292e-01
   2.114114e+00	  -2.013179e-01
   2.122122e+00	  -2.093506e-01
   2.130130e+00	  -2.173477e-01
   2.138138e+00	  -2.252303e-01
   2.146146e+00	  -2.329221e-01
   2.154154e+00	  -2.403505e-01
   2.162162e+00	  -2.474474e-01
   2.170170e+00	  -2.541501e-01
   2.178178e+00	  -2.604019e-01
   2.186186e+00	  -2.661523e-01
   2.194194e+00	  -2.713573e-01
   2.202202e+00	  -2.759788e-01
   2.210210e+00	  -2.799847e-01
   2.218218e+00	  -2.833485e-01
   2.226226e+00	  -2.860488e-01
   2.234234e+00	  -2.880686e-01
   2.242242e+00	  -2.893953e-01
   2.250250e+00	  -2.900198e-01
   2.258258e+00	  -2.899366e-01
   2.266266e+00	  -2.891428e-01
   2.274274e+00	  -2.876383e-01
   2.282282e+00	  -2.854256e-01
   2.290290e+00	  -2.825092e-01
   2.298298e+00	  -2.788956e-01
   2.306306e+00	  -2.745935e-01
   2.314314e+00	  -2.696133e-01
   2.322322e+00	  -2.639671e-01
   2.330330e+00	  -2.576688e-01
   2.338338e+00	  -2.507340e-01
   2.346346e+00	  -2.431797e-01
   2.354354e+00	  -2.350247e-01
   2.362362e+00	  -2.262890e-01
   2.370370e+00	  -2.169942e-01
   2.378378e+00	  -2.071633e-01
   2.386386e+00	  -1.968206e-01
   2.394394e+00	  -1.859916e-01
   2.402402e+00	  -1.747031e-01
   2.410410e+00	  -1.629830e-01
   2.418418e+00	  -1.508602e-01
   2.426426e+00	  -1.383648e-01
   2.434434e+00	  -1.255274e-01
   2.442442e+00	  -1.123800e-01
   2.450450e+00	  -9.895485e-02
   2.458458e+00	  -8.528526e-02
   2.466466e+00	  -7.140497e-02
   2.474474e+00	  -5.734826e-02
   2.482482e+00	  -4.314987e-02
   2.490490e+00	  -2.884487e-02
   2.498498e+00	  -1.446860e-02
   2.506507e+00	  -5.659009e-05
   2.514515e+00	   1.435556e-02
   2.522523e+00	   2.873224e-02
   2.530531e+00	   4.303794e-02
   2.538539e+00	   5.723731e-02
   2.546547e+00	   7.129527e-02
   2.554555e+00	   8.517708e-02
   2.562563e+00	   9.884845e-02
   2.570571e+00	   1.122756e-01
   2.578579e+00	   1.254254e-01
   2.586587e+00	   1.382653e-01
   2.594595e+00	   1.507636e-01
   2.602603e+00	   1.628894e-01
   2.610611e+00	   1.746128e-01
   2.618619e+00	   1.859048e-01
   2.626627e+00	   1.967374e-01
   2.634635e+00	   2.070841e-01
   2.642643e+00	   2.169191e-01
   2.650651e+00	   2.262181e-01
   2.658659e+00	   2.349583e-01
   2.666667e+00	   2.431181e-01
   2.674675e+00	   2.506772e-01
   2.682683e+00	   2.576170e-01
   2.690691e+00	   2.639205e-01
   2.698699e+00	   2.695721e-01
   2.706707e+00	   2.745582e-01
   2.714715e+00	   2.788666e-01
   2.722723e+00	   2.824872e-01
   2.730731e+00	   2.854118e-01
   2.738739e+00	   2.876344e-01
   2.746747e+00	   2.891513e-01
   2.754755e+00	   2.899612e-01
   2.762763e+00	   2.900659e-01
   2.770771e+00	   2.894702e-01
   2.778779e+00	   2.881828e-01
   2.786787e+00	   2.862161e-01
   2.794795e+00	   2.835874e-01
   2.802803e+00	   2.803189e-01
   2.810811e+00	   2.764387e-01
   2.818819e+00	   2.719807e-01
   2.826827e+00	   2.669857e-01
   2.834835e+00	   2.615010e-01
   2.842843e+00	   2.555810e-01
   2.850851e+00	   2.492871e-01
   2.858859e+00	   2.426871e-01
   2.866867e+00	   2.358546e-01
   2.874875e+00	   2.288687e-01
   2.882883e+00	   2.218125e-01
   2.890891e+00	   2.147716e-01
   2.898899e+00	   2.078335e-01
   2.906907e+00	   2.010854e-01
   2.914915e+00	   1.946131e-01
   2.922923e+00	   1.884991e-01
   2.930931e+00	   1.828222e-01
   2.938939e+00	   1.776554e-01
   2.946947e+00	   1.730657e-01
   2.954955e+00	   1.691130e-01
   2.962963e+00	   1.658499e-01
   2.970971e+00	   1.633213e-01
   2.978979e+00	   1.615643e-01
   2.986987e+00	   1.606080e-01
   2.994995e+00	   1.604737e-01
   3.003003e+00	   1.611746e-01
   3.011011e+00	   1.627160e-01
   3.019019e+00	   1.650948e-01
   3.027027e+00	   1.682996e-01
   3.035035e+00	   1.723102e-01
   3.043043e+00	   1.770976e-01
   3.051051e+00	   1.826233e-01
   3.059059e+00	   1.888400e-01
   3.067067e+00	   1.956909e-01
   3.075075e+00	   2.031105e-01
   3.083083e+00	   2.110250e-01
   3.091091e+00	   2.193532e-01
   3.099099e+00	   2.280076e-01
   3.107107e+00	   2.368961e-01
   3.115115e+00	   2.459230e-01
   3.123123e+00	   2.549914e-01
   3.131131e+00	   2.640046e-01
   3.139139e+00	   2.728677e-01
   3.147147e+00	   2.814895e-01
   3.155155e+00	   2.897836e-01
   3.163163e+00	   2.976698e-01
   3.171171e+00	   3.050745e-01
   3.179179e+00	   3.119318e-01
   3.187187e+00	   3.181833e-01
   3.195195e+00	   3.237782e-01
   3.203203e+00	   3.286734e-01
   3.211211e+00	   3.328326e-01
   3.219219e+00	   3.362262e-01
   3.227227e+00	   3.388307e-01
   3.235235e+00	   3.406279e-01
   3.243243e+00	   3.416046e-01
   3.251251e+00	   3.417517e-01
   3.259259e+00	   3.410642e-01
   3.267267e+00	   3.395406e-01
   3.275275e+00	   3.371822e-01
   3.283283e+00	   3.339934e-01
   3.291291e+00	   3.299810e-01
   3.299299e+00	   3.251542e-01
   3.307307e+00	   3.195247e-01
   3.315315e+00	   3.131061e-01
   3.323323e+00	   3.059141e-01
   3.331331e+00	   2.979664e-01
   3.339339e+00	   2.892826e-01
   3.347347e+00	   2.798841e-01
   3.355355e+00	   2.697941e-01
   3.363363e+00	   2.590376e-01
   3.371371e+00	   2.476410e-01
   3.379379e+00	   2.356327e-01
   3.387387e+00	   2.230422e-01
   3.395395e+00	   2.099007e-01
   3.403403e+00	   1.962405e-01
   3.411411e+00	   1.820956e-01
   3.419419e+00	   1.675007e-01
   3.427427e+00	   1.524921e-01
   3.435435e+00	   1.371067e-01
   3.443443e+00	   1.213825e-01
   3.451451e+00	   1.053584e-01
   3.459459e+00	   8.907410e-02
   3.467467e+00	   7.256969e-02
   3.475475e+00	   5.588599e-02
   3.483483e+00	   3.906421e-02
   3.491491e+00	   2.214592e-02
   3.499499e+00	   5.172919e-03
   3.507508e+00	  -1.181286e-02
   3.515516e+00	  -2.876946e-02
   3.523524e+00	  -4.565498e-02
   3.531532e+00	  -6.242770e-02
   3.539540e+00	  -7.904619e-02
   3.547548e+00	  -9.546939e-02
   3.555556e+00	  -1.116567e-01
   3.563564e+00	  -1.275682e-01
   3.571572e+00	  -1.431645e-01
   3.579580e+00	  -1.584071e-01
   3.587588e+00	  -1.732583e-01
   3.595596e+00	  -1.876815e-01
   3.603604e+00	  -2.016410e-01
   3.611612e+00	  -2.151023e-01
   3.619620e+00	  -2.280322e-01
   3.627628e+00	  -2.403987e-01
   3.635636e+00	  -2.521713e-01
   3.643644e+00	  -2.633208e-01
   3.651652e+00	  -2.738199e-01
   3.659660e+00	  -2.836424e-01
   3.667668e+00	  -2.927641e-01
   3.675676e+00	  -3.011626e-01
   3.683684e+00	  -3.088171e-01
   3.691692e+00	  -3.157088e-01
   3.699700e+00	  -3.218208e-01
   3.707708e+00	  -3.271382e-01
   3.715716e+00	  -3.316483e-01
   3.723724e+00	  -3.353405e-01
   3.731732e+00	  -3.382066e-01
   3.739740e+00	  -3.402410e-01
   3.747748e+00	  -3.414409e-01
   3.755756e+00	  -3.418065e-01
   3.763764e+00	  -3.413415e-01
   3.771772e+00	  -3.400532e-01
   3.779780e+00	  -3.379534e-01
   3.787788e+00	  -3.350588e-01
   3.795796e+00	  -3.313912e-01
   3.803804e+00	  -3.269788e-01
   3.811812e+00	  -3.218562e-01
   3.819820e+00	  -3.160651e-01
   3.827828e+00	  -3.096550e-01
   3.835836e+00	  -3.026831e-01
   3.843844e+00	  -2.952144e-01
   3.851852e+00	  -2.873219e-01
   3.859860e+00	  -2.790856e-01
   3.867868e+00	  -2.705922e-01
   3.875876e+00	  -2.619338e-01
   3.883884e+00	  -2.532066e-01
   3.891892e+00	  -2.445096e-01
   3.899900e+00	  -2.359425e-01
   3.907908e+00	  -2.276042e-01
   3.915916e+00	  -2.195913e-01
   3.923924e+00	  -2.119958e-01
   3.931932e+00	  -2.049043e-01
   3.939940e+00	  -1.983965e-01
   3.947948e+00	  -1.925440e-01
   3.955956e+00	  -1.874102e-01
   3.963964e+00	  -1.830493e-01
   3.971972e+00	  -1.795064e-01
   3.979980e+00	  -1.768173e-01
   3.987988e+00	  -1.750088e-01
   3.995996e+00	  -1.740985e-01
   4.004004e+00	  -1.740954e-01
   4.012012e+00	  -1.749994e-01
   4.020020e+00	  -1.768016e-01
   4.028028e+00	  -1.794844e-01
   4.036036e+00	  -1.830208e-01
   4.044044e+00	  -1.873751e-01
   4.052052e+00	  -1.925022e-01
   4.060060e+00	  -1.983477e-01
   4.068068e+00	  -2.048485e-01
   4.076076e+00	  -2.119328e-01
   4.084084e+00	  -2.195209e-01
   4.092092e+00	  -2.275264e-01
   4.100100e+00	  -2.358570e-01
   4.108108e+00	  -2.444164e-01
   4.116116e+00	  -2.531057e-01
   4.124124e+00	  -2.618251e-01
   4.132132e+00	  -2.704758e-01
   4.140140e+00	  -2.789615e-01
   4.148148e+00	  -2.871903e-01
   4.156156e+00	  -2.950755e-01
   4.164164e+00	  -3.025370e-01
   4.172172e+00	  -3.095020e-01
   4.180180e+00	  -3.159054e-01
   4.188188e+00	  -3.216901e-01
   4.196196e+00	  -3.268067e-01
   4.204204e+00	  -3.312135e-01
   4.212212e+00	  -3.348758e-01
   4.220220e+00	  -3.377657e-01
   4.228228e+00	  -3.398611e-01
   4.236236e+00	  -3.411454e-01
   4.244244e+00	  -3.416071e-01
   4.252252e+00	  -3.412385e-01
   4.260260e+00	  -3.400361e-01
   4.268268e+00	  -3.379997e-01
   4.276276e+00	  -3.351322e-01
   4.284284e+00	  -3.314391e-01
   4.292292e+00	  -3.269286e-01
   4.300300e+00	  -3.216113e-01
   4.308308e+00	  -3.154999e-01
   4.316316e+00	  -3.086094e-01
   4.324324e+00	  -3.009565e-01
   4.332332e+00	  -2.925601e-01
   4.340340e+00	  -2.834410e-01
   4.348348e+00	  -2.736217e-01
   4.356356e+00	  -2.631263e-01
   4.364364e+00	  -2.519809e-01
   4.372372e+00	  -2.402129e-01
   4.380380e+00	  -2.278515e-01
   4.388388e+00	  -2.149271e-01
   4.396396e+00	  -2.014717e-01
   4.404404e+00	  -1.875186e-01
   4.412412e+00	  -1.731021e-01
   4.420420e+00	  -1.582580e-01
   4.428428e+00	  -1.430230e-01
   4.436436e+00	  -1.274345e-01
   4.444444e+00	  -1.115312e-01
   4.452452e+00	  -9.535240e-02
   4.460460e+00	  -7.893800e-02
   4.468468e+00	  -6.232856e-02
   4.476476e+00	  -4.556514e-02
   4.484484e+00	  -2.868915e-02
   4.492492e+00	  -1.174227e-02
   4.500501e+00	   5.233614e-03
   4.508509e+00	   2.219657e-02
   4.516517e+00	   3.910469e-02
   4.524525e+00	   5.591619e-02
   4.532533e+00	   7.258955e-02
   4.540541e+00	   8.908356e-02
   4.548549e+00	   1.053575e-01
   4.556557e+00	   1.213711e-01
   4.564565e+00	   1.370849e-01
   4.572573e+00	   1.524600e-01
   4.580581e+00	   1.674584e-01
   4.588589e+00	   1.820431e-01
   4.596597e+00	   1.961780e-01
   4.604605e+00	   2.098283e-01
   4.612613e+00	   2.229601e-01
   4.620621e+00	   2.355411e-01
   4.628629e+00	   2.475402e-01
   4.636637e+00	   2.589277e-01
   4.644645e+00	   2.696755e-01
   4.652653e+00	   2.797571e-01
   4.660661e+00	   2.891474e-01
   4.668669e+00	   2.978235e-01
   4.676677e+00	   3.057637e-01
   4.684685e+00	   3.129487e-01
   4.692693e+00	   3.193606e-01
   4.700701e+00	   3.249838e-01
   4.708709e+00	   3.298047e-01
   4.716717e+00	   3.338117e-01
   4.724725e+00	   3.369955e-01
   4.732733e+00	   3.393494e-01
   4.740741e+00	   3.408690e-01
   4.748749e+00	   3.415529e-01
   4.756757e+00	   3.414027e-01
   4.764765e+00	   3.404235e-01
   4.772773e+00	   3.386242e-01
   4.780781e+00	   3.360181e-01
   4.788789e+00	   3.326233e-01
   4.796797e+00	   3.284634e-01
   4.804805e+00	   3.235681e-01
   4.812813e+00	   3.179734e-01
   4.820821e+00	   3.117227e-01
   4.828829e+00	   3.048665e-01
   4.836837e+00	   2.974633e-01
   4.844845e+00	   2.895790e-01
   4.852853e+00	   2.812870e-01
   4.860861e+00	   2.726675e-01
   4.868869e+00	   2.638070e-01
   4.876877e+00	   2.547965e-01
   4.884885e+00	   2.457307e-01
   4.892893e+00	   2.367064e-01
   4.900901e+00	   2.278206e-01
   4.908909e+00	   2.191685e-01
   4.916917e+00	   2.108424e-01
   4.924925e+00	   2.029296e-01
   4.932933e+00	   1.955113e-01
   4.940941e+00	   1.886611e-01
   4.948949e+00	   1.824446e-01
   4.956957e+00	   1.769183e-01
   4.964965e+00	   1.721297e-01
   4.972973e+00	   1.681170e-01
   4.980981e+00	   1.649092e-01
   4.988989e+00	   1.625265e-01
   4.996997e+00	   1.609803e-01
   5.005005e+00	   1.602735e-01
   5.013013e+00	   1.604009e-01
   5.021021e+00	   1.613492e-01
   5.029029e+00	   1.630972e-01
   5.037037e+00	   1.656156e-01
   5.045045e+00	   1.688676e-01
   5.053053e+00	   1.728082e-01
   5.061061e+00	   1.773848e-01
   5.069069e+00	   1.825376e-01
   5.077077e+00	   1.881998e-01
   5.085085e+00	   1.942982e-01
   5.093093e+00	   2.007546e-01
   5.101101e+00	   2.074862e-01
   5.109109e+00	   2.144075e-01
   5.117117e+00	   2.214313e-01
   5.125125e+00	   2.284706e-01
   5.133133e+00	   2.354396e-01
   5.141141e+00	   2.422554e-01
   5.149149e+00	   2.488393e-01
   5.157157e+00	   2.551176e-01
   5.165165e+00	   2.610225e-01
   5.173173e+00	   2.664930e-01
   5.181181e+00	   2.714748e-01
   5.189189e+00	   2.759205e-01
   5.197197e+00	   2.797896e-01
   5.205205e+00	   2.830480e-01
   5.213213e+00	   2.856679e-01
   5.221221e+00	   2.876270e-01
   5.229229e+00	   2.889083e-01
   5.237237e+00	   2.894990e-01
   5.245245e+00	   2.893908e-01
   5.253253e+00	   2.885787e-01
   5.261261e+00	   2.870611e-01
   5.269269e+00	   2.848392e-01
   5.277277e+00	   2.819166e-01
   5.285285e+00	   2.782995e-01
   5.293293e+00	   2.739960e-01
   5.301301e+00	   2.690162e-01
   5.309309e+00	   2.633722e-01
   5.317317e+00	   2.570777e-01
   5.325325e+00	   2.501482e-01
   5.333333e+00	   2.426007e-01
   5.341341e+00	   2.344539e-01
   5.349349e+00	   2.257279e-01
   5.357357e+00	   2.164442e-01
   5.365365e+00	   2.066257e-01
   5.373373e+00	   1.962968e-01
   5.381381e+00	   1.854829e-01
   5.389389e+00	   1.742107e-01
   5.397397e+00	   1.625081e-01
   5.405405e+00	   1.504040e-01
   5.413413e+00	   1.379284e-01
   5.421421e+00	   1.251119e-01
   5.429429e+00	   1.119864e-01
   5.437437e+00	   9.858418e-02
   5.445445e+00	   8.493841e-02
   5.453453e+00	   7.108278e-02
   5.461461e+00	   5.705155e-02
   5.469469e+00	   4.287936e-02
   5.477477e+00	   2.860123e-02
   5.485485e+00	   1.425244e-02
   5.493493e+00	  -1.315653e-04
   5.501502e+00	  -1.451524e-02
   5.509510e+00	  -2.886306e-02
   5.517518e+00	  -4.313957e-02
   5.525526e+00	  -5.730949e-02
   5.533534e+00	  -7.133783e-02
   5.541542e+00	  -8.518992e-02
   5.549550e+00	  -9.883154e-02
   5.557558e+00	  -1.122290e-01
   5.565566e+00	  -1.253492e-01
   5.573574e+00	  -1.381596e-01
   5.581582e+00	  -1.506288e-01
   5.589590e+00	  -1.627258e-01
   5.597598e+00	  -1.744207e-01
   5.605606e+00	  -1.856848e-01
   5.613614e+00	  -1.964901e-01
   5.621622e+00	  -2.068099e-01
   5.629630e+00	  -2.166188e-01
   5.637638e+00	  -2.258925e-01
   5.645646e+00	  -2.346081e-01
   5.653654e+00	  -2.427442e-01
   5.661662e+00	  -2.502804e-01
   5.669670e+00	  -2.571984e-01
   5.677678e+00	  -2.634810e-01
   5.685686e+00	  -2.691127e-01
   5.693694e+00	  -2.740796e-01
   5.701702e+00	  -2.783697e-01
   5.709710e+00	  -2.819726e-01
   5.717718e+00	  -2.848797e-01
   5.725726e+00	  -2.870844e-01
   5.733734e+00	  -2.885822e-01
   5.741742e+00	  -2.893707e-01
   5.749750e+00	  -2.894501e-01
   5.757758e+00	  -2.888230e-01
   5.765766e+00	  -2.874952e-01
   5.773774e+00	  -2.854756e-01
   5.781782e+00	  -2.827770e-01
   5.789790e+00	  -2.794162e-01
   5.797798e+00	  -2.754145e-01
   5.805806e+00	  -2.707985e-01
   5.813814e+00	  -2.656003e-01
   5.821822e+00	  -2.598577e-01
   5.829830e+00	  -2.536148e-01
   5.837838e+00	  -2.469220e-01
   5.845846e+00	  -2.398358e-01
   5.853854e+00	  -2.324189e-01
   5.861862e+00	  -2.247390e-01
   5.869870e+00	  -2.168687e-01
   5.877878e+00	  -2.088843e-01
   5.885886e+00	  -2.008643e-01
   5.893894e+00	  -1.928883e-01
   5.901902e+00	  -1.850353e-01
   5.909910e+00	  -1.773828e-01
   5.917918e+00	  -1.700044e-01
   5.925926e+00	  -1.629693e-01
   5.933934e+00	  -1.563409e-01
   5.941942e+00	  -1.501759e-01
   5.949950e+00	  -1.445233e-01
   5.957958e+00	  -1.394248e-01
   5.965966e+00	  -1.349140e-01
   5.973974e+00	  -1.310163e-01
   5.981982e+00	  -1.277500e-01
   5.989990e+00	  -1.251256e-01
   5.997998e+00	  -1.231468e-01
   6.006006e+00	  -1.218104e-01
   6.014014e+00	  -1.211073e-01
   6.022022e+00	  -1.210221e-01
   6.030030e+00	  -1.215336e-01
   6.038038e+00	  -1.226152e-01
   6.046046e+00	  -1.242349e-01
   6.054054e+00	  -1.263553e-01
   6.062062e+00	  -1.289343e-01
   6.070070e+00	  -1.319249e-01
   6.078078e+00	  -1.352760e-01
   6.086086e+00	  -1.389327e-01
   6.094094e+00	  -1.428371e-01
   6.102102e+00	  -1.469292e-01
   6.110110e+00	  -1.511474e-01
   6.118118e+00	  -1.554300e-01
   6.126126e+00	  -1.597158e-01
   6.134134e+00	  -1.639454e-01
   6.142142e+00	  -1.680618e-01
   6.150150e+00	  -1.720113e-01
   6.158158e+00	  -1.757441e-01
   6.166166e+00	  -1.792151e-01
   6.174174e+00	  -1.823837e-01
   6.182182e+00	  -1.852143e-01
   6.190190e+00	  -1.876763e-01
   6.198198e+00	  -1.897437e-01
   6.206206e+00	  -1.913950e-01
   6.214214e+00	  -1.926131e-01
   6.222222e+00	  -1.933845e-01
   6.230230e+00	  -1.936992e-01
   6.238238e+00	  -1.935502e-01
   6.246246e+00	  -1.929335e-01
   6.254254e+00	  -1.918472e-01
   6.262262e+00	  -1.902916e-01
   6.270270e+00	  -1.882689e-01
   6.278278e+00	  -1.857830e-01
   6.286286e+00	  -1.828394e-01
   6.294294e+00	  -1.794447e-01
   6.302302e+00	  -1.756071e-01
   6.310310e+00	  -1.713359e-01
   6.318318e+00	  -1.666415e-01
   6.326326e+00	  -1.615355e-01
   6.334334e+00	  -1.560304e-01
   6.342342e+00	  -1.501399e-01
   6.350350e+00	  -1.438784e-01
   6.358358e+00	  -1.372615e-01
   6.366366e+00	  -1.303054e-01
   6.374374e+00	  -1.230274e-01
   6.382382e+00	  -1.154455e-01
   6.390390e+00	  -1.075783e-01
   6.398398e+00	  -9.944540e-02
   6.406406e+00	  -9.106677e-02
   6.414414e+00	  -8.246315e-02
   6.422422e+00	  -7.365579e-02
   6.430430e+00	  -6.466646e-02
   6.438438e+00	  -5.551737e-02
   6.446446e+00	  -4.623111e-02
   6.454454e+00	  -3.683063e-02
   6.462462e+00	  -2.733916e-02
   6.470470e+00	  -1.778015e-02
   6.478478e+00	  -8.177203e-03
   6.486486e+00	   1.445942e-03
   6.494494e+00	   1.106551e-02
   6.502503e+00	   2.065775e-02
   6.510511e+00	   3.019895e-02
   6.518519e+00	   3.966553e-02
   6.526527e+00	   4.903412e-02
   6.534535e+00	   5.828157e-02
   6.542543e+00	   6.738502e-02
   6.550551e+00	   7.632200e-02
   6.558559e+00	   8.507041e-02
   6.566567e+00	   9.360864e-02
   6.574575e+00	   1.019156e-01
   6.582583e+00	   1.099708e-01
   6.590591e+00	   1.177543e-01
   6.598599e+00	   1.252468e-01
   6.606607e+00	   1.324299e-01
   6.614615e+00	   1.392859e-01
   6.622623e+00	   1.457977e-01
   6.630631e+00	   1.519493e-01
   6.638639e+00	   1.577255e-01
   6.646647e+00	   1.631120e-01
   6.654655e+00	   1.680955e-01
   6.662663e+00	   1.726638e-01
   6.670671e+00	   1.768055e-01
   6.678679e+00	   1.805104e-01
   6.686687e+00	   1.837694e-01
   6.694695e+00	   1.865744e-01
   6.702703e+00	   1.889188e-01
   6.710711e+00	   1.907967e-01
   6.718719e+00	   1.922039e-01
   6.726727e+00	   1.931372e-01
   6.734735e+00	   1.935951e-01
   6.742743e+00	   1.935773e-01
   6.750751e+00	   1.930853e-01
   6.758759e+00	   1.921224e-01
   6.766767e+00	   1.906938e-01
   6.774775e+00	   1.888068e-01
   6.782783e+00	   1.864716e-01
   6.790791e+00	   1.837006e-01
   6.798799e+00	   1.805096e-01
   6.806807e+00	   1.769177e-01
   6.814815e+00	   1.729473e-01
   6.822823e+00	   1.686249e-01
   6.830831e+00	   1.639808e-01
   6.838839e+00	   1.590491e-01
   6.846847e+00	   1.538681e-01
   6.854855e+00	   1.484793e-01
   6.862863e+00	   1.429274e-01
   6.870871e+00	   1.372600e-01
   6.878879e+00	   1.315260e-01
   6.886887e+00	   1.257758e-01
   6.894895e+00	   1.200594e-01
   6.902903e+00	   1.144262e-01
   6.910911e+00	   1.089233e-01
   6.918919e+00	   1.035951e-01
   6.926927e+00	   9.848229e-02
   6.934935e+00	   9.362096e-02
   6.942943e+00	   8.904236e-02
   6.950951e+00	   8.477244e-02
   6.958959e+00	   8.083167e-02
   6.966967e+00	   7.723508e-02
   6.974975e+00	   7.399242e-02
   6.982983e+00	   7.110844e-02
   6.990991e+00	   6.858321e-02
   6.998999e+00	   6.641259e-02
   7.007007e+00	   6.458861e-02
   7.015015e+00	   6.309988e-02
   7.023023e+00	   6.193201e-02
   7.031031e+00	   6.106794e-02
   7.039039e+00	   6.048827e-02
   7.047047e+00	   6.017157e-02
   7.055055e+00	   6.009460e-02
   7.063063e+00	   6.023261e-02
   7.071071e+00	   6.055959e-02
   7.079079e+00	   6.104858e-02
   7.087087e+00	   6.167193e-02
   7.095095e+00	   6.240168e-02
   7.103103e+00	   6.320985e-02
   7.111111e+00	   6.406887e-02
   7.119119e+00	   6.495190e-02
   7.127127e+00	   6.583321e-02
   7.135135e+00	   6.668847e-02
   7.143143e+00	   6.749506e-02
   7.151151e+00	   6.823227e-02
   7.159159e+00	   6.888149e-02
   7.167167e+00	   6.942628e-02
   7.175175e+00	   6.985241e-02
   7.183183e+00	   7.014781e-02
   7.191191e+00	   7.030253e-02
   7.199199e+00	   7.030858e-02
   7.207207e+00	   7.015979e-02
   7.215215e+00	   6.985163e-02
   7.223223e+00	   6.938106e-02
   7.231231e+00	   6.874634e-02
   7.239239e+00	   6.794685e-02
   7.247247e+00	   6.698297e-02
   7.255255e+00	   6.585593e-02
   7.263263e+00	   6.456773e-02
   7.271271e+00	   6.312099e-02
   7.279279e+00	   6.151892e-02
   7.287287e+00	   5.976524e-02
   7.295295e+00	   5.786412e-02
   7.303303e+00	   5.582016e-02
   7.311311e+00	   5.363837e-02
   7.319319e+00	   5.132410e-02
   7.327327e+00	   4.888305e-02
   7.335335e+00	   4.632123e-02
   7.343343e+00	   4.364498e-02
   7.351351e+00	   4.086090e-02
   7.359359e+00	   3.797587e-02
   7.367367e+00	   3.499702e-02
   7.375375e+00	   3.193170e-02
   7.383383e+00	   2.878750e-02
   7.391391e+00	   2.557217e-02
   7.399399e+00	   2.229366e-02
   7.407407e+00	   1.896007e-02
   7.415415e+00	   1.557964e-02
   7.423423e+00	   1.216072e-02
   7.431431e+00	   8.711756e-03
   7.439439e+00	   5.241268e-03
   7.447447e+00	   1.757830e-03
   7.455455e+00	  -1.729950e-03
   7.463463e+00	  -5.213457e-03
   7.471471e+00	  -8.684083e-03
   7.479479e+00	  -1.213325e-02
   7.487487e+00	  -1.555245e-02
   7.495495e+00	  -1.893322e-02
   7.503504e+00	  -2.226721e-02
   7.511512e+00	  -2.554619e-02
   7.519520e+00	  -2.876206e-02
   7.527528e+00	  -3.190687e-02
   7.535536e+00	  -3.497284e-02
   7.543544e+00	  -3.795242e-02
   7.551552e+00	  -4.083822e-02
   7.559560e+00	  -4.362314e-02
   7.567568e+00	  -4.630027e-02
   7.575576e+00	  -4.886302e-02
   7.583584e+00	  -5.130505e-02
   7.591592e+00	  -5.362032e-02
   7.599600e+00	  -5.580311e-02
   7.607608e+00	  -5.784804e-02
   7.615616e+00	  -5.975005e-02
   7.623624e+00	  -6.150444e-02
   7.631632e+00	  -6.310688e-02
   7.639640e+00	  -6.455340e-02
   7.647648e+00	  -6.584044e-02
   7.655656e+00	  -6.696481e-02
   7.663664e+00	  -6.792375e-02
   7.671672e+00	  -6.871488e-02
   7.679680e+00	  -6.933625e-02
   7.687688e+00	  -6.978634e-02
   7.695696e+00	  -7.006407e-02
   7.703704e+00	  -7.016878e-02
   7.711712e+00	  -7.010027e-02
   7.719720e+00	  -6.985882e-02
   7.727728e+00	  -6.944517e-02
   7.735736e+00	  -6.886059e-02
   7.743744e+00	  -6.810687e-02
   7.751752e+00	  -6.718639e-02
   7.759760e+00	  -6.610214e-02
   7.767768e+00	  -6.485781e-02
   7.775776e+00	  -6.345781e-02
   7.783784e+00	  -6.190739e-02
   7.791792e+00	  -6.021265e-02
   7.799800e+00	  -5.838067e-02
   7.807808e+00	  -5.641953e-02
   7.815816e+00	  -5.433837e-02
   7.823824e+00	  -5.214738e-02
   7.831832e+00	  -4.985780e-02
   7.839840e+00	  -4.748185e-02
   7.847848e+00	  -4.503262e-02
   7.855856e+00	  -4.252387e-02
   7.863864e+00	  -3.996985e-02
   7.871872e+00	  -3.738498e-02
   7.879880e+00	  -3.478356e-02
   7.887888e+00	  -3.217941e-02
   7.895896e+00	  -2.958550e-02
   7.903904e+00	  -2.701361e-02
   7.911912e+00	  -2.447394e-02
   7.919920e+00	  -2.197487e-02
   7.927928e+00	  -1.952267e-02
   7.935936e+00	  -1.712138e-02
   7.943944e+00	  -1.477265e-02
   7.951952e+00	  -1.247582e-02
   7.959960e+00	  -1.022793e-02
   7.967968e+00	  -8.023941e-03
   7.975976e+00	  -5.856927e-03
   7.983984e+00	  -3.718400e-03
   7.991992e+00	  -1.598655e-03
   8.000000e+00	   5.128333e-04
