   0.000000e+00	   0.000000e+00
   8.008008e-03	  -8.843114e-03
   1.601602e-02	  -1.772724e-02
   2.402402e-02	  -2.669156e-02
   3.203203e-02	  -3.577157e-02
   4.004004e-02	  -4.499749e-02
   4.804805e-02	  -5.439270e-02
   5.605606e-02	  -6.397252e-02
   6.406406e-02	  -7.374318e-02
   7.207207e-02	  -8.370122e-02
   8.008008e-02	  -9.383315e-02
   8.808809e-02	  -1.041156e-01
   9.609610e-02	  -1.145155e-01
   1.041041e-01	  -1.249915e-01
   1.121121e-01	  -1.354942e-01
   1.201201e-01	  -1.459684e-01
   1.281281e-01	  -1.563538e-01
   1.361361e-01	  -1.665872e-01
   1.441441e-01	  -1.766039e-01
   1.521522e-01	  -1.863390e-01
   1.601602e-01	  -1.957292e-01
   1.681682e-01	  -2.047137e-01
   1.761762e-01	  -2.132352e-01
   1.841842e-01	  -2.212407e-01
   1.921922e-01	  -2.286818e-01
   2.002002e-01	  -2.355155e-01
   2.082082e-01	  -2.417033e-01
   2.162162e-01	  -2.472124e-01
   2.242242e-01	  -2.520142e-01
   2.322322e-01	  -2.560853e-01
   2.402402e-01	  -2.594061e-01
   2.482482e-01	  -2.619613e-01
   2.562563e-01	  -2.637393e-01
   2.642643e-01	  -2.647320e-01
   2.722723e-01	  -2.649342e-01
   2.802803e-01	  -2.643440e-01
   2.882883e-01	  -2.629623e-01
   2.962963e-01	  -2.607926e-01
   3.043043e-01	  -2.578410e-01
   3.123123e-01	  -2.541162e-01
   3.203203e-01	  -2.496293e-01
   3.283283e-01	  -2.443934e-01
   3.363363e-01	  -2.384245e-01
   3.443443e-01	  -2.317403e-01
   3.523524e-01	  -2.243608e-01
   3.603604e-01	  -2.163083e-01
   3.683684e-01	  -2.076068e-01
   3.763764e-01	  -1.982825e-01
   3.843844e-01	  -1.883633e-01
   3.923924e-01	  -1.778791e-01
   4.004004e-01	  -1.668611e-01
   4.084084e-01	  -1.553426e-01
   4.164164e-01	  -1.433581e-01
   4.244244e-01	  -1.309434e-01
   4.324324e-01	  -1.181360e-01
   4.404404e-01	  -1.049741e-01
   4.484484e-01	  -9.149726e-02
   4.564565e-01	  -7.774595e-02
   4.644645e-01	  -6.376139e-02
   4.724725e-01	  -4.958554e-02
   4.804805e-01	  -3.526094e-02
   4.884885e-01	  -2.083054e-02
   4.964965e-01	  -6.337660e-03
   5.045045e-01	   8.174239e-03
   5.125125e-01	   2.266161e-02
   5.205205e-01	   3.708100e-02
   5.285285e-01	   5.138915e-02
   5.365365e-01	   6.554312e-02
   5.445445e-01	   7.950046e-02
   5.525526e-01	   9.321929e-02
   5.605606e-01	   1.066585e-01
   5.685686e-01	   1.197776e-01
   5.765766e-01	   1.325375e-01
   5.845846e-01	   1.448997e-01
   5.925926e-01	   1.568272e-01
   6.006006e-01	   1.682843e-01
   6.086086e-01	   1.792364e-01
   6.166166e-01	   1.896509e-01
   6.246246e-01	   1.994963e-01
   6.326326e-01	   2.087433e-01
   6.406406e-01	   2.173640e-01
   6.486486e-01	   2.253327e-01
   6.566567e-01	   2.326253e-01
   6.646647e-01	   2.392200e-01
   6.726727e-01	   2.450971e-01
   6.806807e-01	   2.502389e-01
   6.886887e-01	   2.546301e-01
   6.966967e-01	   2.582576e-01
   7.047047e-01	   2.611106e-01
   7.127127e-01	   2.631809e-01
   7.207207e-01	   2.644625e-01
   7.287287e-01	   2.649524e-01
   7.367367e-01	   2.646499e-01
   7.447447e-01	   2.635575e-01
   7.527528e-01	   2.616806e-01
   7.607608e-01	   2.590277e-01
   7.687688e-01	   2.556110e-01
   7.767768e-01	   2.514462e-01
   7.847848e-01	   2.465534e-01
   7.927928e-01	   2.409567e-01
   8.008008e-01	   2.346850e-01
   8.088088e-01	   2.277722e-01
   8.168168e-01	   2.202569e-01
   8.248248e-01	   2.121832e-01
   8.328328e-01	   2.035998e-01
   8.408408e-01	   1.945604e-01
   8.488488e-01	   1.851228e-01
   8.568569e-01	   1.753480e-01
   8.648649e-01	   1.652998e-01
   8.728729e-01	   1.550430e-01
   8.808809e-01	   1.446422e-01
   8.888889e-01	   1.341605e-01
   8.968969e-01	   1.236573e-01
   9.049049e-01	   1.131875e-01
   9.129129e-01	   1.027993e-01
   9.209209e-01	   9.253319e-02
   9.289289e-01	   8.242100e-02
   9.369369e-01	   7.248487e-02
   9.449449e-01	   6.273703e-02
   9.529530e-01	   5.317970e-02
   9.609610e-01	   4.380543e-02
   9.689690e-01	   3.459784e-02
   9.769770e-01	   2.553259e-02
   9.849850e-01	   1.657872e-02
   9.929930e-01	   7.700146e-03
   1.001001e+00	  -1.142648e-03
   1.009009e+00	  -9.990786e-03
   1.017017e+00	  -1.888516e-02
   1.025025e+00	  -2.786458e-02
   1.033033e+00	  -3.696400e-02
   1.041041e+00	  -4.621285e-02
   1.049049e+00	  -5.563355e-02
   1.057057e+00	  -6.524033e-02
   1.065065e+00	  -7.503823e-02
   1.073073e+00	  -8.502252e-02
   1.081081e+00	  -9.517844e-02
   1.089089e+00	  -1.054813e-01
   1.097097e+00	  -1.158971e-01
   1.105105e+00	  -1.263832e-01
   1.113113e+00	  -1.368894e-01
   1.121121e+00	  -1.473598e-01
   1.129129e+00	  -1.577336e-01
   1.137137e+00	  -1.679472e-01
   1.145145e+00	  -1.779359e-01
   1.153153e+00	  -1.876348e-01
   1.161161e+00	  -1.969808e-01
   1.169169e+00	  -2.059136e-01
   1.177177e+00	  -2.143762e-01
   1.185185e+00	  -2.223162e-01
   1.193193e+00	  -2.296860e-01
   1.201201e+00	  -2.364428e-01
   1.209209e+00	  -2.425492e-01
   1.217217e+00	  -2.479726e-01
   1.225225e+00	  -2.526852e-01
   1.233233e+00	  -2.566640e-01
   1.241241e+00	  -2.598901e-01
   1.249249e+00	  -2.623487e-01
   1.257257e+00	  -2.640284e-01
   1.265265e+00	  -2.649216e-01
   1.273273e+00	  -2.650236e-01
   1.281281e+00	  -2.643328e-01
   1.289289e+00	  -2.628504e-01
   1.297297e+00	  -2.605803e-01
   1.305305e+00	  -2.575290e-01
   1.313313e+00	  -2.537053e-01
   1.321321e+00	  -2.491206e-01
   1.329329e+00	  -2.437887e-01
   1.337337e+00	  -2.377254e-01
   1.345345e+00	  -2.309490e-01
   1.353353e+00	  -2.234796e-01
   1.361361e+00	  -2.153399e-01
   1.369369e+00	  -2.065541e-01
   1.377377e+00	  -1.971486e-01
   1.385385e+00	  -1.871517e-01
   1.393393e+00	  -1.765933e-01
   1.401401e+00	  -1.655051e-01
   1.409409e+00	  -1.539204e-01
   1.417417e+00	  -1.418740e-01
   1.425425e+00	  -1.294019e-01
   1.433433e+00	  -1.165415e-01
   1.441441e+00	  -1.033316e-01
   1.449449e+00	  -8.981162e-02
   1.457457e+00	  -7.602222e-02
   1.465465e+00	  -6.200475e-02
   1.473473e+00	  -4.780126e-02
   1.481481e+00	  -3.345437e-02
   1.489489e+00	  -1.900711e-02
   1.497497e+00	  -4.502830e-03
   1.505506e+00	   1.001496e-02
   1.513514e+00	   2.450270e-02
   1.521522e+00	   3.891694e-02
   1.529530e+00	   5.321442e-02
   1.537538e+00	   6.735226e-02
   1.545546e+00	   8.128803e-02
   1.553554e+00	   9.497993e-02
   1.561562e+00	   1.083869e-01
   1.569570e+00	   1.214687e-01
   1.577578e+00	   1.341861e-01
   1.585586e+00	   1.465009e-01
   1.593594e+00	   1.583762e-01
   1.601602e+00	   1.697763e-01
   1.609610e+00	   1.806671e-01
   1.617618e+00	   1.910160e-01
   1.625626e+00	   2.007917e-01
   1.633634e+00	   2.099651e-01
   1.641642e+00	   2.185085e-01
   1.649650e+00	   2.263964e-01
   1.657658e+00	   2.336051e-01
   1.665666e+00	   2.401130e-01
   1.673674e+00	   2.459006e-01
   1.681682e+00	   2.509505e-01
   1.689690e+00	   2.552477e-01
   1.697698e+00	   2.587792e-01
   1.705706e+00	   2.615348e-01
   1.713714e+00	   2.635064e-01
   1.721722e+00	   2.646885e-01
   1.729730e+00	   2.650782e-01
   1.737738e+00	   2.646754e-01
   1.745746e+00	   2.634827e-01
   1.753754e+00	   2.615061e-01
   1.761762e+00	   2.587545e-01
   1.769770e+00	   2.552405e-01
   1.777778e+00	   2.509804e-01
   1.785786e+00	   2.459948e-01
   1.793794e+00	   2.403083e-01
   1.801802e+00	   2.339505e-01
   1.809810e+00	   2.269559e-01
   1.817818e+00	   2.193638e-01
   1.825826e+00	   2.112188e-01
   1.833834e+00	   2.025705e-01
   1.841842e+00	   1.934730e-01
   1.849850e+00	   1.839845e-01
   1.857858e+00	   1.741667e-01
   1.865866e+00	   1.640834e-01
   1.873874e+00	   1.537996e-01
   1.881882e+00	   1.433797e-01
   1.889890e+00	   1.328865e-01
   1.897898e+00	   1.223791e-01
   1.905906e+00	   1.119114e-01
   1.913914e+00	   1.015308e-01
   1.921922e+00	   9.127687e-02
   1.929930e+00	   8.118016e-02
   1.937938e+00	   7.126163e-02
   1.945946e+00	   6.153221e-02
   1.953954e+00	   5.199289e-02
   1.961962e+00	   4.263504e-02
   1.969970e+00	   3.344119e-02
   1.977978e+00	   2.438608e-02
   1.985986e+00	   1.543798e-02
   1.993994e+00	   6.560270e-03
   2.002002e+00	  -2.286908e-03
   2.010010e+00	  -1.114478e-02
   2.018018e+00	  -2.005409e-02
   2.026026e+00	  -2.905331e-02
   2.034034e+00	  -3.817678e-02
   2.042042e+00	  -4.745316e-02
   2.050050e+00	  -5.690391e-02
   2.058058e+00	  -6.654215e-02
   2.066066e+00	  -7.637172e-02
   2.074074e+00	  -8.638661e-02
   2.082082e+00	  -9.657079e-02
   2.090090e+00	  -1.068983e-01
   2.098098e+00	  -1.173340e-01
   2.106106e+00	  -1.278342e-01
   2.114114e+00	  -1.383479e-01
   2.122122e+00	  -1.488182e-01
   2.130130e+00	  -1.591840e-01
   2.138138e+00	  -1.693815e-01
   2.146146e+00	  -1.793456e-01
   2.154154e+00	  -1.890117e-01
   2.162162e+00	  -1.983168e-01
   2.170170e+00	  -2.072008e-01
   2.178178e+00	  -2.156075e-01
   2.186186e+00	  -2.234849e-01
   2.194194e+00	  -2.307858e-01
   2.202202e+00	  -2.374682e-01
   2.210210e+00	  -2.434952e-01
   2.218218e+00	  -2.488348e-01
   2.226226e+00	  -2.534599e-01
   2.234234e+00	  -2.573479e-01
   2.242242e+00	  -2.604804e-01
   2.250250e+00	  -2.628430e-01
   2.258258e+00	  -2.644250e-01
   2.266266e+00	  -2.652189e-01
   2.274274e+00	  -2.652206e-01
   2.282282e+00	  -2.644288e-01
   2.290290e+00	  -2.628449e-01
   2.298298e+00	  -2.604734e-01
   2.306306e+00	  -2.573209e-01
   2.314314e+00	  -2.533966e-01
   2.322322e+00	  -2.487123e-01
   2.330330e+00	  -2.432820e-01
   2.338338e+00	  -2.371218e-01
   2.346346e+00	  -2.302502e-01
   2.354354e+00	  -2.226879e-01
   2.362362e+00	  -2.144575e-01
   2.370370e+00	  -2.055837e-01
   2.378378e+00	  -1.960932e-01
   2.386386e+00	  -1.860143e-01
   2.394394e+00	  -1.753774e-01
   2.402402e+00	  -1.642144e-01
   2.410410e+00	  -1.525587e-01
   2.418418e+00	  -1.404454e-01
   2.426426e+00	  -1.279106e-01
   2.434434e+00	  -1.149922e-01
   2.442442e+00	  -1.017287e-01
   2.450450e+00	  -8.816011e-02
   2.458458e+00	  -7.432699e-02
   2.466466e+00	  -6.027088e-02
   2.474474e+00	  -4.603396e-02
   2.482482e+00	  -3.165894e-02
   2.490490e+00	  -1.718893e-02
   2.498498e+00	  -2.667357e-03
   2.506507e+00	   1.186222e-02
   2.514515e+00	   2.635621e-02
   2.522523e+00	   4.077112e-02
   2.530531e+00	   5.506373e-02
   2.538539e+00	   6.919113e-02
   2.546547e+00	   8.311096e-02
   2.554555e+00	   9.678145e-02
   2.562563e+00	   1.101616e-01
   2.570571e+00	   1.232112e-01
   2.578579e+00	   1.358912e-01
   2.586587e+00	   1.481636e-01
   2.594595e+00	   1.599914e-01
   2.602603e+00	   1.713392e-01
   2.610611e+00	   1.821730e-01
   2.618619e+00	   1.924603e-01
   2.626627e+00	   2.021702e-01
   2.634635e+00	   2.112736e-01
   2.642643e+00	   2.197431e-01
   2.650651e+00	   2.275534e-01
   2.658659e+00	   2.346810e-01
   2.666667e+00	   2.411046e-01
   2.674675e+00	   2.468049e-01
   2.682683e+00	   2.517648e-01
   2.690691e+00	   2.559695e-01
   2.698699e+00	   2.594065e-01
   2.706707e+00	   2.620656e-01
   2.714715e+00	   2.639392e-01
   2.722723e+00	   2.650221e-01
   2.730731e+00	   2.653117e-01
   2.738739e+00	   2.648082e-01
   2.746747e+00	   2.635148e-01
   2.754755e+00	   2.614376e-01
   2.762763e+00	   2.585861e-01
   2.770771e+00	   2.549733e-01
   2.778779e+00	   2.506162e-01
   2.786787e+00	   2.455357e-01
   2.794795e+00	   2.397572e-01
   2.802803e+00	   2.333109e-01
   2.810811e+00	   2.262317e-01
   2.818819e+00	   2.185600e-01
   2.826827e+00	   2.103408e-01
   2.834835e+00	   2.016244e-01
   2.842843e+00	   1.924654e-01
   2.850851e+00	   1.829228e-01
   2.858859e+00	   1.730584e-01
   2.866867e+00	   1.629365e-01
   2.874875e+00	   1.526219e-01
   2.882883e+00	   1.421792e-01
   2.890891e+00	   1.316707e-01
   2.898899e+00	   1.211550e-01
   2.906907e+00	   1.106854e-01
   2.914915e+00	   1.003084e-01
   2.922923e+00	   9.006250e-02
   2.930931e+00	   7.997705e-02
   2.938939e+00	   7.007178e-02
   2.946947e+00	   6.035640e-02
   2.954955e+00	   5.083063e-02
   2.962963e+00	   4.148467e-02
   2.970971e+00	   3.229999e-02
   2.978979e+00	   2.325039e-02
   2.986987e+00	   1.430342e-02
   2.994995e+00	   5.421875e-03
   3.003003e+00	  -3.434392e-03
   3.011011e+00	  -1.230670e-02
   3.019019e+00	  -2.123568e-02
   3.027027e+00	  -3.025938e-02
   3.035035e+00	  -3.941157e-02
   3.043043e+00	  -4.872011e-02
   3.051051e+00	  -5.820548e-02
   3.059059e+00	  -6.787969e-02
   3.067067e+00	  -7.774536e-02
   3.075075e+00	  -8.779522e-02
   3.083083e+00	  -9.801192e-02
   3.091091e+00	  -1.083683e-01
   3.099099e+00	  -1.188280e-01
   3.107107e+00	  -1.293462e-01
   3.115115e+00	  -1.398712e-01
   3.123123e+00	  -1.503453e-01
   3.131131e+00	  -1.607069e-01
   3.139139e+00	  -1.708917e-01
   3.147147e+00	  -1.808347e-01
   3.155155e+00	  -1.904712e-01
   3.163163e+00	  -1.997385e-01
   3.171171e+00	  -2.085769e-01
   3.179179e+00	  -2.169305e-01
   3.187187e+00	  -2.247479e-01
   3.195195e+00	  -2.319824e-01
   3.203203e+00	  -2.385927e-01
   3.211211e+00	  -2.445423e-01
   3.219219e+00	  -2.498000e-01
   3.227227e+00	  -2.543391e-01
   3.235235e+00	  -2.581375e-01
   3.243243e+00	  -2.611774e-01
   3.251251e+00	  -2.634448e-01
   3.259259e+00	  -2.649294e-01
   3.267267e+00	  -2.656241e-01
   3.275275e+00	  -2.655252e-01
   3.283283e+00	  -2.646318e-01
   3.291291e+00	  -2.629457e-01
   3.299299e+00	  -2.604715e-01
   3.307307e+00	  -2.572163e-01
   3.315315e+00	  -2.531896e-01
   3.323323e+00	  -2.484036e-01
   3.331331e+00	  -2.428724e-01
   3.339339e+00	  -2.366125e-01
   3.347347e+00	  -2.296429e-01
   3.355355e+00	  -2.219843e-01
   3.363363e+00	  -2.136597e-01
   3.371371e+00	  -2.046942e-01
   3.379379e+00	  -1.951145e-01
   3.387387e+00	  -1.849495e-01
   3.395395e+00	  -1.742297e-01
   3.403403e+00	  -1.629871e-01
   3.411411e+00	  -1.512556e-01
   3.419419e+00	  -1.390703e-01
   3.427427e+00	  -1.264678e-01
   3.435435e+00	  -1.134858e-01
   3.443443e+00	  -1.001634e-01
   3.451451e+00	  -8.654051e-02
   3.459459e+00	  -7.265798e-02
   3.467467e+00	  -5.855748e-02
   3.475475e+00	  -4.428129e-02
   3.483483e+00	  -2.987226e-02
   3.491491e+00	  -1.537362e-02
   3.499499e+00	  -8.288464e-04
   3.507508e+00	   1.371841e-02
   3.515516e+00	   2.822451e-02
   3.523524e+00	   4.264594e-02
   3.531532e+00	   5.693942e-02
   3.539540e+00	   7.106208e-02
   3.547548e+00	   8.497155e-02
   3.555556e+00	   9.862611e-02
   3.563564e+00	   1.119848e-01
   3.571572e+00	   1.250075e-01
   3.579580e+00	   1.376552e-01
   3.587588e+00	   1.498899e-01
   3.595596e+00	   1.616749e-01
   3.603604e+00	   1.729749e-01
   3.611612e+00	   1.837559e-01
   3.619620e+00	   1.939857e-01
   3.627628e+00	   2.036335e-01
   3.635636e+00	   2.126704e-01
   3.643644e+00	   2.210692e-01
   3.651652e+00	   2.288049e-01
   3.659660e+00	   2.358541e-01
   3.667668e+00	   2.421958e-01
   3.675676e+00	   2.478109e-01
   3.683684e+00	   2.526826e-01
   3.691692e+00	   2.567963e-01
   3.699700e+00	   2.601399e-01
   3.707708e+00	   2.627035e-01
   3.715716e+00	   2.644796e-01
   3.723724e+00	   2.654635e-01
   3.731732e+00	   2.656529e-01
   3.739740e+00	   2.650483e-01
   3.747748e+00	   2.636534e-01
   3.755756e+00	   2.614746e-01
   3.763764e+00	   2.585219e-01
   3.771772e+00	   2.548089e-01
   3.779780e+00	   2.503529e-01
   3.787788e+00	   2.451754e-01
   3.795796e+00	   2.393025e-01
   3.803804e+00	   2.327651e-01
   3.811812e+00	   2.255987e-01
   3.819820e+00	   2.178443e-01
   3.827828e+00	   2.095479e-01
   3.835836e+00	   2.007601e-01
   3.843844e+00	   1.915364e-01
   3.851852e+00	   1.819362e-01
   3.859860e+00	   1.720217e-01
   3.867868e+00	   1.618574e-01
   3.875876e+00	   1.515084e-01
   3.883884e+00	   1.410390e-01
   3.891892e+00	   1.305114e-01
   3.899900e+00	   1.199836e-01
   3.907908e+00	   1.095081e-01
   3.915916e+00	   9.913056e-02
   3.923924e+00	   8.888845e-02
   3.931932e+00	   7.881000e-02
   3.939940e+00	   6.891370e-02
   3.947948e+00	   5.920797e-02
   3.955956e+00	   4.969130e-02
   3.963964e+00	   4.035273e-02
   3.971972e+00	   3.117264e-02
   3.979980e+00	   2.212393e-02
   3.987988e+00	   1.317341e-02
   3.995996e+00	   4.283353e-03
   4.004004e+00	  -4.586717e-03
   4.012012e+00	  -1.347820e-02
   4.020020e+00	  -2.243154e-02
   4.028028e+00	  -3.148443e-02
   4.036036e+00	  -4.067003e-02
   4.044044e+00	  -5.001537e-02
   4.052052e+00	  -5.953996e-02
   4.060060e+00	  -6.925468e-02
   4.068068e+00	  -7.916091e-02
   4.076076e+00	  -8.925011e-02
   4.084084e+00	  -9.950363e-02
   4.092092e+00	  -1.098931e-01
   4.100100e+00	  -1.203808e-01
   4.108108e+00	  -1.309211e-01
   4.116116e+00	  -1.414612e-01
   4.124124e+00	  -1.519428e-01
   4.132132e+00	  -1.623038e-01
   4.140140e+00	  -1.724795e-01
   4.148148e+00	  -1.824047e-01
   4.156156e+00	  -1.920149e-01
   4.164164e+00	  -2.012476e-01
   4.172172e+00	  -2.100433e-01
   4.180180e+00	  -2.183466e-01
   4.188188e+00	  -2.261065e-01
   4.196196e+00	  -2.332771e-01
   4.204204e+00	  -2.398174e-01
   4.212212e+00	  -2.456916e-01
   4.220220e+00	  -2.508691e-01
   4.228228e+00	  -2.553235e-01
   4.236236e+00	  -2.590335e-01
   4.244244e+00	  -2.619817e-01
   4.252252e+00	  -2.641544e-01
   4.260260e+00	  -2.655418e-01
   4.268268e+00	  -2.661373e-01
   4.276276e+00	  -2.659375e-01
   4.284284e+00	  -2.649417e-01
   4.292292e+00	  -2.631523e-01
   4.300300e+00	  -2.605742e-01
   4.308308e+00	  -2.572147e-01
   4.316316e+00	  -2.530837e-01
   4.324324e+00	  -2.481936e-01
   4.332332e+00	  -2.425590e-01
   4.340340e+00	  -2.361968e-01
   4.348348e+00	  -2.291259e-01
   4.356356e+00	  -2.213677e-01
   4.364364e+00	  -2.129453e-01
   4.372372e+00	  -2.038841e-01
   4.380380e+00	  -1.942112e-01
   4.388388e+00	  -1.839557e-01
   4.396396e+00	  -1.731483e-01
   4.404404e+00	  -1.618215e-01
   4.412412e+00	  -1.500091e-01
   4.420420e+00	  -1.377468e-01
   4.428428e+00	  -1.250711e-01
   4.436436e+00	  -1.120203e-01
   4.444444e+00	  -9.863340e-02
   4.452452e+00	  -8.495059e-02
   4.460460e+00	  -7.101293e-02
   4.468468e+00	  -5.686221e-02
   4.476476e+00	  -4.254091e-02
   4.484484e+00	  -2.809199e-02
   4.492492e+00	  -1.355878e-02
   4.500501e+00	   1.015100e-03
   4.508509e+00	   1.558594e-02
   4.516517e+00	   3.011001e-02
   4.524525e+00	   4.454376e-02
   4.532533e+00	   5.884387e-02
   4.540541e+00	   7.296745e-02
   4.548549e+00	   8.687212e-02
   4.556557e+00	   1.005162e-01
   4.564565e+00	   1.138587e-01
   4.572573e+00	   1.268596e-01
   4.580581e+00	   1.394799e-01
   4.588589e+00	   1.516818e-01
   4.596597e+00	   1.634286e-01
   4.604605e+00	   1.746851e-01
   4.612613e+00	   1.854176e-01
   4.620621e+00	   1.955937e-01
   4.628629e+00	   2.051831e-01
   4.636637e+00	   2.141570e-01
   4.644645e+00	   2.224883e-01
   4.652653e+00	   2.301522e-01
   4.660661e+00	   2.371256e-01
   4.668669e+00	   2.433877e-01
   4.676677e+00	   2.489196e-01
   4.684685e+00	   2.537047e-01
   4.692693e+00	   2.577289e-01
   4.700701e+00	   2.609802e-01
   4.708709e+00	   2.634489e-01
   4.716717e+00	   2.651280e-01
   4.724725e+00	   2.660130e-01
   4.732733e+00	   2.661019e-01
   4.740741e+00	   2.653958e-01
   4.748749e+00	   2.638985e-01
   4.756757e+00	   2.616170e-01
   4.764765e+00	   2.585617e-01
   4.772773e+00	   2.547466e-01
   4.780781e+00	   2.501897e-01
   4.788789e+00	   2.449131e-01
   4.796797e+00	   2.389434e-01
   4.804805e+00	   2.323121e-01
   4.812813e+00	   2.250557e-01
   4.820821e+00	   2.172157e-01
   4.828829e+00	   2.088388e-01
   4.836837e+00	   1.999764e-01
   4.844845e+00	   1.906845e-01
   4.852853e+00	   1.810231e-01
   4.860861e+00	   1.710549e-01
   4.868869e+00	   1.608446e-01
   4.876877e+00	   1.504574e-01
   4.884885e+00	   1.399576e-01
   4.892893e+00	   1.294070e-01
   4.900901e+00	   1.188630e-01
   4.908909e+00	   1.083776e-01
   4.916917e+00	   9.799551e-02
   4.924925e+00	   8.775307e-02
   4.932933e+00	   7.767741e-02
   4.940941e+00	   6.778576e-02
   4.948949e+00	   5.808531e-02
   4.956957e+00	   4.857329e-02
   4.964965e+00	   3.923759e-02
   4.972973e+00	   3.005752e-02
   4.980981e+00	   2.100510e-02
   4.988989e+00	   1.204637e-02
   4.996997e+00	   3.143091e-03
   5.005005e+00	  -5.745503e-03
   5.013013e+00	  -1.466088e-02
   5.021021e+00	  -2.364334e-02
   5.029029e+00	  -3.273015e-02
   5.037037e+00	  -4.195386e-02
   5.045045e+00	  -5.134066e-02
   5.053053e+00	  -6.090909e-02
   5.061061e+00	  -7.066886e-02
   5.069069e+00	  -8.062014e-02
   5.077077e+00	  -9.075306e-02
   5.085085e+00	  -1.010477e-01
   5.093093e+00	  -1.114744e-01
   5.101101e+00	  -1.219943e-01
   5.109109e+00	  -1.325606e-01
   5.117117e+00	  -1.431197e-01
   5.125125e+00	  -1.536126e-01
   5.133133e+00	  -1.639765e-01
   5.141141e+00	  -1.741466e-01
   5.149149e+00	  -1.840574e-01
   5.157157e+00	  -1.936446e-01
   5.165165e+00	  -2.028456e-01
   5.173173e+00	  -2.116015e-01
   5.181181e+00	  -2.198572e-01
   5.189189e+00	  -2.275622e-01
   5.197197e+00	  -2.346711e-01
   5.205205e+00	  -2.411435e-01
   5.213213e+00	  -2.469442e-01
   5.221221e+00	  -2.520429e-01
   5.229229e+00	  -2.564141e-01
   5.237237e+00	  -2.600367e-01
   5.245245e+00	  -2.628938e-01
   5.253253e+00	  -2.649723e-01
   5.261261e+00	  -2.662626e-01
   5.269269e+00	  -2.667587e-01
   5.277277e+00	  -2.664574e-01
   5.285285e+00	  -2.653586e-01
   5.293293e+00	  -2.634647e-01
   5.301301e+00	  -2.607811e-01
   5.309309e+00	  -2.573156e-01
   5.317317e+00	  -2.530783e-01
   5.325325e+00	  -2.480818e-01
   5.333333e+00	  -2.423411e-01
   5.341341e+00	  -2.358735e-01
   5.349349e+00	  -2.286982e-01
   5.357357e+00	  -2.208368e-01
   5.365365e+00	  -2.123129e-01
   5.373373e+00	  -2.031520e-01
   5.381381e+00	  -1.933817e-01
   5.389389e+00	  -1.830312e-01
   5.397397e+00	  -1.721316e-01
   5.405405e+00	  -1.607156e-01
   5.413413e+00	  -1.488174e-01
   5.421421e+00	  -1.364728e-01
   5.429429e+00	  -1.237188e-01
   5.437437e+00	  -1.105935e-01
   5.445445e+00	  -9.713655e-02
   5.453453e+00	  -8.338813e-02
   5.461461e+00	  -6.938954e-02
   5.469469e+00	  -5.518279e-02
   5.477477e+00	  -4.081047e-02
   5.485485e+00	  -2.631573e-02
   5.493493e+00	  -1.174204e-02
   5.501502e+00	   2.866885e-03
   5.509510e+00	   1.746721e-02
   5.517518e+00	   3.201512e-02
   5.525526e+00	   4.646699e-02
   5.533534e+00	   6.077946e-02
   5.541542e+00	   7.490958e-02
   5.549550e+00	   8.881497e-02
   5.557558e+00	   1.024539e-01
   5.565566e+00	   1.157855e-01
   5.573574e+00	   1.287697e-01
   5.581582e+00	   1.413676e-01
   5.589590e+00	   1.535414e-01
   5.597598e+00	   1.652545e-01
   5.605606e+00	   1.764719e-01
   5.613614e+00	   1.871598e-01
   5.621622e+00	   1.972863e-01
   5.629630e+00	   2.068208e-01
   5.637638e+00	   2.157350e-01
   5.645646e+00	   2.240018e-01
   5.653654e+00	   2.315967e-01
   5.661662e+00	   2.384968e-01
   5.669670e+00	   2.446814e-01
   5.677678e+00	   2.501319e-01
   5.685686e+00	   2.548322e-01
   5.693694e+00	   2.587680e-01
   5.701702e+00	   2.619278e-01
   5.709710e+00	   2.643023e-01
   5.717718e+00	   2.658847e-01
   5.725726e+00	   2.666707e-01
   5.733734e+00	   2.666589e-01
   5.741742e+00	   2.658505e-01
   5.749750e+00	   2.642499e-01
   5.757758e+00	   2.618644e-01
   5.765766e+00	   2.587049e-01
   5.773774e+00	   2.547860e-01
   5.781782e+00	   2.501261e-01
   5.789790e+00	   2.447480e-01
   5.797798e+00	   2.386789e-01
   5.805806e+00	   2.319511e-01
   5.813814e+00	   2.246017e-01
   5.821822e+00	   2.166730e-01
   5.829830e+00	   2.082123e-01
   5.837838e+00	   1.992719e-01
   5.845846e+00	   1.899084e-01
   5.853854e+00	   1.801822e-01
   5.861862e+00	   1.701567e-01
   5.869870e+00	   1.598967e-01
   5.877878e+00	   1.494675e-01
   5.885886e+00	   1.389334e-01
   5.893894e+00	   1.283558e-01
   5.901902e+00	   1.177918e-01
   5.909910e+00	   1.072925e-01
   5.917918e+00	   9.690168e-02
   5.925926e+00	   8.665476e-02
   5.933934e+00	   7.657765e-02
   5.941942e+00	   6.668636e-02
   5.949950e+00	   5.698680e-02
   5.957958e+00	   4.747500e-02
   5.965966e+00	   3.813766e-02
   5.973974e+00	   2.895306e-02
   5.981982e+00	   1.989228e-02
   5.989990e+00	   1.092067e-02
   5.997998e+00	   1.999477e-03
   6.006006e+00	  -6.912376e-03
   6.014014e+00	  -1.585641e-02
   6.022022e+00	  -2.487273e-02
   6.030030e+00	  -3.399821e-02
   6.038038e+00	  -4.326475e-02
   6.046046e+00	  -5.269771e-02
   6.054054e+00	  -6.231460e-02
   6.062062e+00	  -7.212401e-02
   6.070070e+00	  -8.212483e-02
   6.078078e+00	  -9.230590e-02
   6.086086e+00	  -1.026460e-01
   6.094094e+00	  -1.131141e-01
   6.102102e+00	  -1.236702e-01
   6.110110e+00	  -1.342666e-01
   6.118118e+00	  -1.448485e-01
   6.126126e+00	  -1.553564e-01
   6.134134e+00	  -1.657268e-01
   6.142142e+00	  -1.758947e-01
   6.150150e+00	  -1.857945e-01
   6.158158e+00	  -1.953617e-01
   6.166166e+00	  -2.045341e-01
   6.174174e+00	  -2.132530e-01
   6.182182e+00	  -2.214637e-01
   6.190190e+00	  -2.291162e-01
   6.198198e+00	  -2.361656e-01
   6.206206e+00	  -2.425721e-01
   6.214214e+00	  -2.483009e-01
   6.222222e+00	  -2.533224e-01
   6.230230e+00	  -2.576115e-01
   6.238238e+00	  -2.611477e-01
   6.246246e+00	  -2.639143e-01
   6.254254e+00	  -2.658989e-01
   6.262262e+00	  -2.670922e-01
   6.270270e+00	  -2.674886e-01
   6.278278e+00	  -2.670852e-01
   6.286286e+00	  -2.658823e-01
   6.294294e+00	  -2.638827e-01
   6.302302e+00	  -2.610921e-01
   6.310310e+00	  -2.575186e-01
   6.318318e+00	  -2.531727e-01
   6.326326e+00	  -2.480673e-01
   6.334334e+00	  -2.422179e-01
   6.342342e+00	  -2.356417e-01
   6.350350e+00	  -2.283586e-01
   6.358358e+00	  -2.203905e-01
   6.366366e+00	  -2.117612e-01
   6.374374e+00	  -2.024965e-01
   6.382382e+00	  -1.926244e-01
   6.390390e+00	  -1.821744e-01
   6.398398e+00	  -1.711778e-01
   6.406406e+00	  -1.596677e-01
   6.414414e+00	  -1.476786e-01
   6.422422e+00	  -1.352465e-01
   6.430430e+00	  -1.224086e-01
   6.438438e+00	  -1.092034e-01
   6.446446e+00	  -9.567067e-02
   6.454454e+00	  -8.185090e-02
   6.462462e+00	  -6.778557e-02
   6.470470e+00	  -5.351688e-02
   6.478478e+00	  -3.908763e-02
   6.486486e+00	  -2.454112e-02
   6.494494e+00	  -9.920983e-03
   6.502503e+00	   4.728917e-03
   6.510511e+00	   1.936463e-02
   6.518519e+00	   3.394225e-02
   6.526527e+00	   4.841804e-02
   6.534535e+00	   6.274857e-02
   6.542543e+00	   7.689085e-02
   6.550551e+00	   9.080246e-02
   6.558559e+00	   1.044416e-01
   6.566567e+00	   1.177675e-01
   6.574575e+00	   1.307401e-01
   6.582583e+00	   1.433204e-01
   6.590591e+00	   1.554707e-01
   6.598599e+00	   1.671547e-01
   6.606607e+00	   1.783371e-01
   6.614615e+00	   1.889845e-01
   6.622623e+00	   1.990650e-01
   6.630631e+00	   2.085483e-01
   6.638639e+00	   2.174059e-01
   6.646647e+00	   2.256112e-01
   6.654655e+00	   2.331398e-01
   6.662663e+00	   2.399689e-01
   6.670671e+00	   2.460781e-01
   6.678679e+00	   2.514491e-01
   6.686687e+00	   2.560658e-01
   6.694695e+00	   2.599144e-01
   6.702703e+00	   2.629836e-01
   6.710711e+00	   2.652643e-01
   6.718719e+00	   2.667501e-01
   6.726727e+00	   2.674370e-01
   6.734735e+00	   2.673240e-01
   6.742743e+00	   2.664126e-01
   6.750751e+00	   2.647075e-01
   6.758759e+00	   2.622166e-01
   6.766767e+00	   2.589513e-01
   6.774775e+00	   2.549265e-01
   6.782783e+00	   2.501614e-01
   6.790791e+00	   2.446793e-01
   6.798799e+00	   2.385083e-01
   6.806807e+00	   2.316810e-01
   6.814815e+00	   2.242356e-01
   6.822823e+00	   2.162149e-01
   6.830831e+00	   2.076672e-01
   6.838839e+00	   1.986453e-01
   6.846847e+00	   1.892066e-01
   6.854855e+00	   1.794121e-01
   6.862863e+00	   1.693255e-01
   6.870871e+00	   1.590120e-01
   6.878879e+00	   1.485371e-01
   6.886887e+00	   1.379649e-01
   6.894895e+00	   1.273564e-01
   6.902903e+00	   1.167683e-01
   6.910911e+00	   1.062511e-01
   6.918919e+00	   9.584749e-02
   6.926927e+00	   8.559192e-02
   6.934935e+00	   7.550913e-02
   6.942943e+00	   6.561389e-02
   6.950951e+00	   5.591087e-02
   6.958959e+00	   4.639485e-02
   6.966967e+00	   3.705136e-02
   6.974975e+00	   2.785765e-02
   6.982983e+00	   1.878389e-02
   6.990991e+00	   9.794729e-03
   6.998999e+00	   8.508913e-04
   7.007007e+00	  -8.088971e-03
   7.015015e+00	  -1.706643e-02
   7.023023e+00	  -2.612140e-02
   7.031031e+00	  -3.529031e-02
   7.039039e+00	  -4.460443e-02
   7.047047e+00	  -5.408826e-02
   7.055055e+00	  -6.375829e-02
   7.063063e+00	  -7.362193e-02
   7.071071e+00	  -8.367682e-02
   7.079079e+00	  -9.391045e-02
   7.087087e+00	  -1.043003e-01
   7.095095e+00	  -1.148140e-01
   7.103103e+00	  -1.254106e-01
   7.111111e+00	  -1.360409e-01
   7.119119e+00	  -1.466495e-01
   7.127127e+00	  -1.571760e-01
   7.135135e+00	  -1.675566e-01
   7.143143e+00	  -1.777257e-01
   7.151151e+00	  -1.876177e-01
   7.159159e+00	  -1.971680e-01
   7.167167e+00	  -2.063147e-01
   7.175175e+00	  -2.149993e-01
   7.183183e+00	  -2.231676e-01
   7.191191e+00	  -2.307700e-01
   7.199199e+00	  -2.377620e-01
   7.207207e+00	  -2.441044e-01
   7.215215e+00	  -2.497631e-01
   7.223223e+00	  -2.547087e-01
   7.231231e+00	  -2.589168e-01
   7.239239e+00	  -2.623672e-01
   7.247247e+00	  -2.650439e-01
   7.255255e+00	  -2.669347e-01
   7.263263e+00	  -2.680309e-01
   7.271271e+00	  -2.683271e-01
   7.279279e+00	  -2.678208e-01
   7.287287e+00	  -2.665127e-01
   7.295295e+00	  -2.644061e-01
   7.303303e+00	  -2.615068e-01
   7.311311e+00	  -2.578233e-01
   7.319319e+00	  -2.533664e-01
   7.327327e+00	  -2.481496e-01
   7.335335e+00	  -2.421884e-01
   7.343343e+00	  -2.355006e-01
   7.351351e+00	  -2.281062e-01
   7.359359e+00	  -2.200276e-01
   7.367367e+00	  -2.112889e-01
   7.375375e+00	  -2.019163e-01
   7.383383e+00	  -1.919379e-01
   7.391391e+00	  -1.813837e-01
   7.399399e+00	  -1.702853e-01
   7.407407e+00	  -1.586761e-01
   7.415415e+00	  -1.465908e-01
   7.423423e+00	  -1.340658e-01
   7.431431e+00	  -1.211385e-01
   7.439439e+00	  -1.078478e-01
   7.447447e+00	  -9.423361e-02
   7.455455e+00	  -8.033668e-02
   7.463463e+00	  -6.619872e-02
   7.471471e+00	  -5.186217e-02
   7.479479e+00	  -3.737003e-02
   7.487487e+00	  -2.276578e-02
   7.495495e+00	  -8.093222e-03
   7.503504e+00	   6.603612e-03
   7.511512e+00	   2.128063e-02
   7.519520e+00	   3.589381e-02
   7.527528e+00	   5.039931e-02
   7.535536e+00	   6.475360e-02
   7.543544e+00	   7.891363e-02
   7.551552e+00	   9.283692e-02
   7.559560e+00	   1.064817e-01
   7.567568e+00	   1.198070e-01
   7.575576e+00	   1.327729e-01
   7.583584e+00	   1.453404e-01
   7.591592e+00	   1.574720e-01
   7.599600e+00	   1.691311e-01
   7.607608e+00	   1.802828e-01
   7.615616e+00	   1.908936e-01
   7.623624e+00	   2.009318e-01
   7.631632e+00	   2.103671e-01
   7.639640e+00	   2.191713e-01
   7.647648e+00	   2.273180e-01
   7.655656e+00	   2.347827e-01
   7.663664e+00	   2.415431e-01
   7.671672e+00	   2.475789e-01
   7.679680e+00	   2.528719e-01
   7.687688e+00	   2.574064e-01
   7.695696e+00	   2.611689e-01
   7.703704e+00	   2.641481e-01
   7.711712e+00	   2.663354e-01
   7.719720e+00	   2.677246e-01
   7.727728e+00	   2.683122e-01
   7.735736e+00	   2.680973e-01
   7.743744e+00	   2.670819e-01
   7.751752e+00	   2.652711e-01
   7.759760e+00	   2.626733e-01
   7.767768e+00	   2.593003e-01
   7.775776e+00	   2.551677e-01
   7.783784e+00	   2.502951e-01
   7.791792e+00	   2.447065e-01
   7.799800e+00	   2.384306e-01
   7.807808e+00	   2.315010e-01
   7.815816e+00	   2.239563e-01
   7.823824e+00	   2.158405e-01
   7.831832e+00	   2.072022e-01
   7.839840e+00	   1.980954e-01
   7.847848e+00	   1.885779e-01
   7.855856e+00	   1.787114e-01
   7.863864e+00	   1.685600e-01
   7.871872e+00	   1.581893e-01
   7.879880e+00	   1.476647e-01
   7.887888e+00	   1.370504e-01
   7.895896e+00	   1.264072e-01
   7.903904e+00	   1.157911e-01
   7.911912e+00	   1.052518e-01
   7.919920e+00	   9.483134e-02
   7.927928e+00	   8.456297e-02
   7.935936e+00	   7.447027e-02
   7.943944e+00	   6.456679e-02
   7.951952e+00	   5.485593e-02
   7.959960e+00	   4.533124e-02
   7.967968e+00	   3.597710e-02
   7.975976e+00	   2.676970e-02
   7.983984e+00	   1.767833e-02
   7.991992e+00	   8.666925e-03
   8.000000e+00	  -3.042884e-04
