0.000000e+00
9.849894e-06
4.924948e-05
1.378985e-04
2.954969e-04
5.417443e-04
8.963407e-04
1.378986e-03
2.009379e-03
2.807221e-03
3.792210e-03
4.984048e-03
6.402432e-03
8.067065e-03
9.997645e-03
1.221387e-02
1.473544e-02
1.758207e-02
2.077343e-02
2.432924e-02
2.826920e-02
3.261301e-02
3.738036e-02
4.259095e-02
4.826449e-02
5.442068e-02
6.107921e-02
6.825978e-02
7.598210e-02
8.426586e-02
9.313077e-02
1.025965e-01
1.126828e-01
1.234093e-01
1.347958e-01
1.468620e-01
1.596274e-01
1.731119e-01
1.873352e-01
2.023169e-01
2.180767e-01
2.346344e-01
2.520096e-01
2.702221e-01
2.892915e-01
3.092375e-01
3.300799e-01
3.518383e-01
3.745325e-01
3.981821e-01
4.228068e-01
4.484264e-01
4.750605e-01
5.027289e-01
5.314512e-01
5.612471e-01
5.921364e-01
6.241387e-01
6.572738e-01
6.915613e-01
7.270209e-01
7.636724e-01
8.015354e-01
8.406296e-01
8.809748e-01
9.225906e-01
9.654967e-01
1.009713e+00
1.055259e+00
1.102154e+00
1.150419e+00
1.200072e+00
1.251134e+00
1.303624e+00
1.357562e+00
1.412968e+00
1.469861e+00
1.528261e+00
1.588187e+00
1.649661e+00
1.712700e+00
1.777325e+00
1.843556e+00
1.911412e+00
1.980913e+00
2.052078e+00
2.124928e+00
2.199482e+00
2.275759e+00
2.353780e+00
2.433565e+00
2.515132e+00
2.598501e+00
2.683693e+00
2.770727e+00
2.859622e+00
2.950399e+00
3.043076e+00
3.137675e+00
3.234213e+00
3.332712e+00
3.433191e+00
3.535670e+00
3.640167e+00
3.746704e+00
3.855299e+00
3.965972e+00
4.078744e+00
4.193633e+00
4.310659e+00
4.429843e+00
4.551204e+00
4.674761e+00
4.800534e+00
4.928543e+00
5.058808e+00
5.191349e+00
5.326184e+00
5.463334e+00
5.602818e+00
5.744657e+00
5.888869e+00
6.035475e+00
6.184494e+00
6.335946e+00
6.489850e+00
6.646227e+00
6.805096e+00
6.966477e+00
7.130389e+00
7.296853e+00
7.465887e+00
7.637511e+00
7.811746e+00
7.988611e+00
8.168125e+00
8.350309e+00
8.535182e+00
8.722763e+00
8.913073e+00
9.106131e+00
9.301957e+00
9.500570e+00
9.701990e+00
9.906238e+00
1.011333e+01
1.032329e+01
1.053614e+01
1.075189e+01
1.097057e+01
1.119219e+01
1.141678e+01
1.164435e+01
1.187493e+01
1.210853e+01
1.234517e+01
1.258488e+01
1.282767e+01
1.307356e+01
1.332258e+01
1.357473e+01
1.383005e+01
1.408855e+01
1.435026e+01
1.461518e+01
1.488334e+01
1.515477e+01
1.542947e+01
1.570747e+01
1.598880e+01
1.627346e+01
1.656148e+01
1.685288e+01
1.714767e+01
1.744589e+01
1.774754e+01
1.805265e+01
1.836124e+01
1.867333e+01
1.898893e+01
1.930806e+01
1.963076e+01
1.995702e+01
2.028689e+01
2.062036e+01
2.095748e+01
2.129824e+01
2.164269e+01
2.199082e+01
2.234267e+01
2.269825e+01
2.305758e+01
2.342069e+01
2.378759e+01
2.415830e+01
2.453284e+01
2.491124e+01
2.529350e+01
2.567966e+01
2.606972e+01
2.646372e+01
2.686166e+01
2.726358e+01
2.766948e+01
2.807940e+01
2.849334e+01
2.891133e+01
2.933339e+01
2.975953e+01
3.018978e+01
3.062417e+01
3.106269e+01
3.150539e+01
3.195227e+01
3.240335e+01
3.285866e+01
3.331822e+01
3.378204e+01
3.425015e+01
3.472256e+01
3.519929e+01
3.568037e+01
3.616582e+01
3.665564e+01
3.714987e+01
3.764852e+01
3.815161e+01
3.865917e+01
3.917121e+01
3.968774e+01
4.020880e+01
4.073440e+01
4.126457e+01
4.179931e+01
4.233865e+01
4.288261e+01
4.343121e+01
4.398447e+01
4.454240e+01
4.510504e+01
4.567239e+01
4.624449e+01
4.682133e+01
4.740296e+01
4.798938e+01
4.858062e+01
4.917670e+01
4.977763e+01
5.038344e+01
5.099415e+01
5.160976e+01
5.223032e+01
5.285582e+01
5.348631e+01
5.412178e+01
5.476227e+01
5.540779e+01
5.605837e+01
5.671402e+01
5.737476e+01
5.804061e+01
5.871160e+01
5.938773e+01
6.006904e+01
6.075554e+01
6.144725e+01
6.214419e+01
6.284638e+01
6.355384e+01
6.426659e+01
6.498464e+01
6.570803e+01
6.643676e+01
6.717087e+01
6.791036e+01
6.865526e+01
6.940558e+01
7.016135e+01
7.092259e+01
7.168932e+01
7.246155e+01
7.323931e+01
7.402261e+01
7.481148e+01
7.560593e+01
7.640599e+01
7.721167e+01
7.802300e+01
7.883999e+01
7.966266e+01
8.049104e+01
8.132514e+01
8.216498e+01
8.301058e+01
8.386197e+01
8.471916e+01
8.558216e+01
8.645101e+01
8.732572e+01
8.820632e+01
8.909281e+01
8.998522e+01
9.088357e+01
9.178788e+01
9.269816e+01
9.361445e+01
9.453675e+01
9.546510e+01
9.639950e+01
9.733998e+01
9.828655e+01
9.923924e+01
1.001981e+02
1.011631e+02
1.021342e+02
1.031116e+02
1.040951e+02
1.050849e+02
1.060810e+02
1.070833e+02
1.080920e+02
1.091069e+02
1.101282e+02
1.111558e+02
1.121898e+02
1.132302e+02
1.142770e+02
1.153303e+02
1.163900e+02
1.174561e+02
1.185288e+02
1.196079e+02
1.206936e+02
1.217859e+02
1.228847e+02
1.239901e+02
1.251021e+02
1.262208e+02
1.273461e+02
1.284780e+02
1.296167e+02
1.307620e+02
1.319141e+02
1.330729e+02
1.342385e+02
1.354109e+02
1.365901e+02
1.377761e+02
1.389690e+02
1.401687e+02
1.413753e+02
1.425888e+02
1.438093e+02
1.450367e+02
1.462710e+02
1.475123e+02
1.487607e+02
1.500160e+02
1.512784e+02
1.525479e+02
1.538245e+02
1.551081e+02
1.563989e+02
1.576968e+02
1.590019e+02
1.603141e+02
1.616336e+02
1.629602e+02
1.642941e+02
1.656353e+02
1.669838e+02
1.683395e+02
1.697026e+02
1.710730e+02
1.724508e+02
1.738359e+02
1.752284e+02
1.766284e+02
1.780358e+02
1.794506e+02
1.808730e+02
1.823028e+02
1.837401e+02
1.851850e+02
1.866374e+02
1.880974e+02
1.895650e+02
1.910402e+02
1.925231e+02
1.940136e+02
1.955117e+02
1.970176e+02
1.985312e+02
2.000525e+02
2.015815e+02
2.031184e+02
2.046630e+02
2.062154e+02
2.077757e+02
2.093438e+02
2.109198e+02
2.125036e+02
2.140954e+02
2.156951e+02
2.173028e+02
2.189184e+02
2.205421e+02
2.221737e+02
2.238133e+02
2.254610e+02
2.271168e+02
2.287807e+02
2.304526e+02
2.321327e+02
2.338209e+02
2.355173e+02
2.372219e+02
2.389347e+02
2.406557e+02
2.423850e+02
2.441225e+02
2.458683e+02
2.476224e+02
2.493848e+02
2.511556e+02
2.529348e+02
2.547223e+02
2.565182e+02
2.583225e+02
2.601353e+02
2.619566e+02
2.637863e+02
2.656245e+02
2.674713e+02
2.693266e+02
2.711904e+02
2.730628e+02
2.749439e+02
2.768335e+02
2.787318e+02
2.806387e+02
2.825543e+02
2.844787e+02
2.864117e+02
2.883535e+02
2.903040e+02
2.922633e+02
2.942314e+02
2.962083e+02
2.981940e+02
3.001887e+02
3.021921e+02
3.042045e+02
3.062258e+02
3.082560e+02
3.102952e+02
3.123433e+02
3.144005e+02
3.164666e+02
3.185418e+02
3.206261e+02
3.227194e+02
3.248218e+02
3.269333e+02
3.290539e+02
3.311837e+02
3.333227e+02
3.354708e+02
3.376282e+02
3.397948e+02
3.419706e+02
3.441557e+02
3.463501e+02
3.485539e+02
3.507669e+02
3.529893e+02
3.552210e+02
3.574622e+02
3.597127e+02
3.619727e+02
3.642421e+02
3.665210e+02
3.688093e+02
3.711072e+02
3.734146e+02
3.757316e+02
3.780581e+02
3.803941e+02
3.827398e+02
3.850952e+02
3.874601e+02
3.898347e+02
3.922190e+02
3.946131e+02
3.970168e+02
3.994303e+02
4.018535e+02
4.042865e+02
4.067293e+02
4.091819e+02
4.116444e+02
4.141168e+02
4.165990e+02
4.190911e+02
4.215931e+02
4.241051e+02
4.266270e+02
4.291589e+02
4.317008e+02
4.342527e+02
4.368147e+02
4.393867e+02
4.419688e+02
4.445610e+02
4.471633e+02
4.497757e+02
4.523983e+02
4.550311e+02
4.576741e+02
4.603272e+02
4.629907e+02
4.656643e+02
4.683483e+02
4.710425e+02
4.737470e+02
4.764619e+02
4.791871e+02
4.819228e+02
4.846687e+02
4.874251e+02
4.901920e+02
4.929693e+02
4.957570e+02
4.985553e+02
5.013640e+02
5.041833e+02
5.070132e+02
5.098536e+02
5.127046e+02
5.155662e+02
5.184384e+02
5.213213e+02
5.242148e+02
5.271190e+02
5.300340e+02
5.329596e+02
5.358961e+02
5.388432e+02
5.418012e+02
5.447700e+02
5.477496e+02
5.507400e+02
5.537413e+02
5.567535e+02
5.597766e+02
5.628106e+02
5.658556e+02
5.689115e+02
5.719784e+02
5.750563e+02
5.781452e+02
5.812452e+02
5.843562e+02
5.874783e+02
5.906115e+02
5.937559e+02
5.969113e+02
6.000780e+02
6.032558e+02
6.064448e+02
6.096450e+02
6.128565e+02
6.160792e+02
6.193132e+02
6.225585e+02
6.258152e+02
6.290831e+02
6.323624e+02
6.356531e+02
6.389552e+02
6.422687e+02
6.455937e+02
6.489301e+02
6.522779e+02
6.556373e+02
6.590082e+02
6.623906e+02
6.657846e+02
6.691901e+02
6.726072e+02
6.760360e+02
6.794764e+02
6.829284e+02
6.863921e+02
6.898675e+02
6.933546e+02
6.968535e+02
7.003641e+02
7.038864e+02
7.074206e+02
7.109665e+02
7.145243e+02
7.180940e+02
7.216755e+02
7.252689e+02
7.288742e+02
7.324914e+02
7.361206e+02
7.397618e+02
7.434149e+02
7.470800e+02
7.507572e+02
7.544464e+02
7.581477e+02
7.618611e+02
7.655866e+02
7.693242e+02
7.730739e+02
7.768358e+02
7.806099e+02
7.843962e+02
7.881947e+02
7.920055e+02
7.958285e+02
7.996639e+02
8.035115e+02
8.073714e+02
8.112437e+02
8.151283e+02
8.190254e+02
8.229348e+02
8.268566e+02
8.307909e+02
8.347377e+02
8.386969e+02
8.426686e+02
8.466528e+02
8.506496e+02
8.546590e+02
8.586809e+02
8.627154e+02
8.667625e+02
8.708223e+02
8.748947e+02
8.789799e+02
8.830777e+02
8.871882e+02
8.913114e+02
8.954474e+02
8.995962e+02
9.037578e+02
9.079322e+02
9.121194e+02
9.163195e+02
9.205325e+02
9.247583e+02
9.289971e+02
9.332488e+02
9.375134e+02
9.417911e+02
9.460817e+02
9.503853e+02
9.547020e+02
9.590317e+02
9.633745e+02
9.677303e+02
9.720993e+02
9.764814e+02
9.808767e+02
9.852851e+02
9.897067e+02
9.941415e+02
9.985896e+02
1.003051e+03
1.007525e+03
1.012013e+03
1.016515e+03
1.021029e+03
1.025557e+03
1.030098e+03
1.034653e+03
1.039221e+03
1.043802e+03
1.048397e+03
1.053005e+03
1.057627e+03
1.062262e+03
1.066911e+03
1.071574e+03
1.076250e+03
1.080939e+03
1.085642e+03
1.090359e+03
1.095089e+03
1.099833e+03
1.104591e+03
1.109363e+03
1.114148e+03
1.118947e+03
1.123759e+03
1.128586e+03
1.133426e+03
1.138280e+03
1.143148e+03
1.148030e+03
1.152926e+03
1.157835e+03
1.162759e+03
1.167696e+03
1.172647e+03
1.177613e+03
1.182592e+03
1.187585e+03
1.192593e+03
1.197614e+03
1.202650e+03
1.207699e+03
1.212763e+03
1.217841e+03
1.222933e+03
1.228039e+03
1.233159e+03
1.238294e+03
1.243443e+03
1.248606e+03
1.253783e+03
1.258975e+03
1.264181e+03
1.269401e+03
1.274636e+03
1.279885e+03
1.285148e+03
1.290426e+03
1.295718e+03
1.301025e+03
1.306346e+03
1.311682e+03
1.317032e+03
1.322397e+03
1.327776e+03
1.333170e+03
1.338578e+03
1.344001e+03
1.349439e+03
1.354891e+03
1.360358e+03
1.365839e+03
1.371336e+03
1.376847e+03
1.382373e+03
1.387913e+03
1.393469e+03
1.399039e+03
1.404624e+03
1.410224e+03
1.415838e+03
1.421468e+03
1.427112e+03
1.432772e+03
1.438446e+03
1.444135e+03
1.449840e+03
1.455559e+03
1.461293e+03
1.467042e+03
1.472807e+03
1.478586e+03
1.484381e+03
1.490191e+03
1.496016e+03
1.501856e+03
1.507711e+03
1.513581e+03
1.519467e+03
1.525368e+03
1.531284e+03
1.537215e+03
1.543162e+03
1.549124e+03
1.555101e+03
1.561094e+03
1.567102e+03
1.573125e+03
1.579164e+03
1.585218e+03
1.591288e+03
1.597373e+03
1.603474e+03
1.609590e+03
1.615722e+03
1.621869e+03
1.628032e+03
1.634211e+03
1.640405e+03
1.646615e+03
1.652840e+03
1.659081e+03
1.665338e+03
1.671610e+03
1.677898e+03
1.684202e+03
1.690522e+03
1.696857e+03
1.703209e+03
1.709576e+03
1.715959e+03
1.722358e+03
1.728772e+03
1.735203e+03
1.741650e+03
1.748112e+03
1.754591e+03
1.761085e+03
1.767596e+03
1.774122e+03
1.780665e+03
1.787223e+03
1.793798e+03
1.800389e+03
1.806996e+03
1.813619e+03
1.820258e+03
1.826913e+03
1.833585e+03
1.840273e+03
1.846977e+03
1.853697e+03
1.860434e+03
1.867187e+03
1.873956e+03
1.880742e+03
1.887544e+03
1.894362e+03
1.901197e+03
1.908048e+03
1.914915e+03
1.921800e+03
1.928700e+03
1.935617e+03
1.942551e+03
1.949501e+03
1.956467e+03
1.963451e+03
1.970450e+03
1.977467e+03
1.984500e+03
1.991550e+03
1.998616e+03
2.005699e+03
2.012799e+03
2.019916e+03
2.027049e+03
2.034199e+03
2.041366e+03
2.048549e+03
2.055750e+03
2.062967e+03
2.070202e+03
2.077453e+03
2.084721e+03
2.092006e+03
2.099308e+03
2.106627e+03
2.113963e+03
2.121315e+03
2.128685e+03
2.136072e+03
2.143476e+03
2.150898e+03
2.158336e+03
2.165791e+03
2.173264e+03
2.180753e+03
2.188260e+03
2.195784e+03
2.203326e+03
2.210884e+03
2.218460e+03
2.226053e+03
2.233664e+03
2.241292e+03
2.248937e+03
2.256599e+03
2.264279e+03
2.271976e+03
2.279691e+03
2.287423e+03
2.295173e+03
2.302940e+03
2.310724e+03
2.318526e+03
2.326346e+03
2.334183e+03
2.342038e+03
2.349910e+03
2.357800e+03
2.365708e+03
2.373633e+03
2.381576e+03
2.389537e+03
2.397516e+03
2.405512e+03
2.413526e+03
2.421557e+03
2.429607e+03
2.437674e+03
2.445759e+03
2.453862e+03
2.461983e+03
2.470122e+03
2.478279e+03
2.486453e+03
2.494646e+03
2.502856e+03
2.511085e+03
2.519332e+03
2.527596e+03
2.535879e+03
2.544180e+03
2.552498e+03
2.560835e+03
2.569190e+03
2.577564e+03
2.585955e+03
2.594365e+03
2.602793e+03
2.611239e+03
2.619703e+03
2.628185e+03
2.636686e+03
2.645205e+03
2.653743e+03
2.662299e+03
2.670873e+03
2.679466e+03
2.688077e+03
2.696706e+03
2.705354e+03
2.714020e+03
2.722705e+03
2.731409e+03
2.740131e+03
2.748871e+03
2.757630e+03
2.766408e+03
2.775204e+03
2.784019e+03
2.792852e+03
2.801704e+03
2.810575e+03
2.819465e+03
2.828373e+03
2.837300e+03
2.846246e+03
2.855210e+03
2.864194e+03
2.873196e+03
2.882217e+03
2.891257e+03
2.900315e+03
2.909393e+03
2.918490e+03
2.927605e+03
2.936740e+03
2.945893e+03
2.955066e+03
2.964257e+03
2.973468e+03
2.982697e+03
2.991946e+03
3.001214e+03
3.010501e+03
3.019807e+03
3.029132e+03
3.038476e+03
3.047840e+03
3.057222e+03
3.066624e+03
3.076046e+03
3.085486e+03
3.094946e+03
3.104425e+03
3.113924e+03
3.123442e+03
3.132979e+03
3.142535e+03
3.152111e+03
3.161707e+03
3.171322e+03
3.180956e+03
3.190610e+03
3.200283e+03
3.209976e+03
3.219689e+03
3.229421e+03
3.239173e+03
3.248944e+03
3.258735e+03
3.268545e+03
3.278375e+03
