0.000000e+00	0.000000e+00
1.570011e-03	1.570011e-03
3.140023e-03	3.140018e-03
4.710034e-03	4.710017e-03
6.280046e-03	6.280005e-03
7.850057e-03	7.849977e-03
9.420069e-03	9.419929e-03
1.099008e-02	1.098986e-02
1.256009e-02	1.255976e-02
1.413010e-02	1.412963e-02
1.570011e-02	1.569947e-02
1.727013e-02	1.726927e-02
1.884014e-02	1.883902e-02
2.041015e-02	2.040873e-02
2.198016e-02	2.197839e-02
2.355017e-02	2.354800e-02
2.512018e-02	2.511754e-02
2.669019e-02	2.668703e-02
2.826021e-02	2.825644e-02
2.983022e-02	2.982579e-02
3.140023e-02	3.139507e-02
3.297024e-02	3.296427e-02
3.454025e-02	3.453338e-02
3.611026e-02	3.610242e-02
3.768027e-02	3.767136e-02
3.925029e-02	3.924021e-02
4.082030e-02	4.080896e-02
4.239031e-02	4.237761e-02
4.396032e-02	4.394616e-02
4.553033e-02	4.551460e-02
4.710034e-02	4.708293e-02
4.867036e-02	4.865114e-02
5.024037e-02	5.021923e-02
5.181038e-02	5.178720e-02
5.338039e-02	5.335504e-02
5.495040e-02	5.492275e-02
5.652041e-02	5.649032e-02
5.809042e-02	5.805776e-02
5.966044e-02	5.962505e-02
6.123045e-02	6.119219e-02
6.280046e-02	6.275919e-02
6.437047e-02	6.432603e-02
6.594048e-02	6.589270e-02
6.751049e-02	6.745922e-02
6.908050e-02	6.902557e-02
7.065052e-02	7.059175e-02
7.222053e-02	7.215776e-02
7.379054e-02	7.372359e-02
7.536055e-02	7.528924e-02
7.693056e-02	7.685470e-02
7.850057e-02	7.841997e-02
8.007058e-02	7.998505e-02
8.164060e-02	8.154993e-02
8.321061e-02	8.311462e-02
8.478062e-02	8.467909e-02
8.635063e-02	8.624336e-02
8.792064e-02	8.780741e-02
8.949065e-02	8.937125e-02
9.106066e-02	9.093487e-02
9.263068e-02	9.249826e-02
9.420069e-02	9.406143e-02
9.577070e-02	9.562436e-02
9.734071e-02	9.718706e-02
9.891072e-02	9.874952e-02
1.004807e-01	1.003117e-01
1.020507e-01	1.018737e-01
1.036208e-01	1.034354e-01
1.051908e-01	1.049969e-01
1.067608e-01	1.065581e-01
1.083308e-01	1.081190e-01
1.099008e-01	1.096797e-01
1.114708e-01	1.112401e-01
1.130408e-01	1.128002e-01
1.146108e-01	1.143601e-01
1.161808e-01	1.159197e-01
1.177509e-01	1.174789e-01
1.193209e-01	1.190379e-01
1.208909e-01	1.205966e-01
1.224609e-01	1.221550e-01
1.240309e-01	1.237131e-01
1.256009e-01	1.252709e-01
1.271709e-01	1.268284e-01
1.287409e-01	1.283856e-01
1.303110e-01	1.299425e-01
1.318810e-01	1.314990e-01
1.334510e-01	1.330552e-01
1.350210e-01	1.346111e-01
1.365910e-01	1.361667e-01
1.381610e-01	1.377219e-01
1.397310e-01	1.392768e-01
1.413010e-01	1.408313e-01
1.428710e-01	1.423855e-01
1.444411e-01	1.439393e-01
1.460111e-01	1.454928e-01
1.475811e-01	1.470459e-01
1.491511e-01	1.485987e-01
1.507211e-01	1.501511e-01
1.522911e-01	1.517031e-01
1.538611e-01	1.532548e-01
1.554311e-01	1.548061e-01
1.570011e-01	1.563569e-01
1.585712e-01	1.579075e-01
1.601412e-01	1.594576e-01
1.617112e-01	1.610073e-01
1.632812e-01	1.625566e-01
1.648512e-01	1.641056e-01
1.664212e-01	1.656541e-01
1.679912e-01	1.672022e-01
1.695612e-01	1.687499e-01
1.711312e-01	1.702972e-01
1.727013e-01	1.718440e-01
1.742713e-01	1.733905e-01
1.758413e-01	1.749365e-01
1.774113e-01	1.764821e-01
1.789813e-01	1.780272e-01
1.805513e-01	1.795720e-01
1.821213e-01	1.811162e-01
1.836913e-01	1.826600e-01
1.852614e-01	1.842034e-01
1.868314e-01	1.857463e-01
1.884014e-01	1.872888e-01
1.899714e-01	1.888308e-01
1.915414e-01	1.903723e-01
1.931114e-01	1.919134e-01
1.946814e-01	1.934540e-01
1.962514e-01	1.949941e-01
1.978214e-01	1.965337e-01
1.993915e-01	1.980729e-01
2.009615e-01	1.996115e-01
2.025315e-01	2.011497e-01
2.041015e-01	2.026874e-01
2.056715e-01	2.042246e-01
2.072415e-01	2.057612e-01
2.088115e-01	2.072974e-01
2.103815e-01	2.088330e-01
2.119515e-01	2.103682e-01
2.135216e-01	2.119028e-01
2.150916e-01	2.134369e-01
2.166616e-01	2.149705e-01
2.182316e-01	2.165035e-01
2.198016e-01	2.180360e-01
2.213716e-01	2.195680e-01
2.229416e-01	2.210994e-01
2.245116e-01	2.226303e-01
2.260816e-01	2.241606e-01
2.276517e-01	2.256904e-01
2.292217e-01	2.272196e-01
2.307917e-01	2.287483e-01
2.323617e-01	2.302764e-01
2.339317e-01	2.318039e-01
2.355017e-01	2.333309e-01
2.370717e-01	2.348573e-01
2.386417e-01	2.363831e-01
2.402118e-01	2.379083e-01
2.417818e-01	2.394329e-01
2.433518e-01	2.409570e-01
2.449218e-01	2.424804e-01
2.464918e-01	2.440033e-01
2.480618e-01	2.455256e-01
2.496318e-01	2.470472e-01
2.512018e-01	2.485683e-01
2.527718e-01	2.500887e-01
2.543419e-01	2.516085e-01
2.559119e-01	2.531277e-01
2.574819e-01	2.546463e-01
2.590519e-01	2.561642e-01
2.606219e-01	2.576815e-01
2.621919e-01	2.591982e-01
2.637619e-01	2.607142e-01
2.653319e-01	2.622296e-01
2.669019e-01	2.637443e-01
2.684720e-01	2.652584e-01
2.700420e-01	2.667719e-01
2.716120e-01	2.682847e-01
2.731820e-01	2.697968e-01
2.747520e-01	2.713083e-01
2.763220e-01	2.728190e-01
2.778920e-01	2.743292e-01
2.794620e-01	2.758386e-01
2.810321e-01	2.773474e-01
2.826021e-01	2.788554e-01
2.841721e-01	2.803628e-01
2.857421e-01	2.818695e-01
2.873121e-01	2.833755e-01
2.888821e-01	2.848808e-01
2.904521e-01	2.863854e-01
2.920221e-01	2.878893e-01
2.935921e-01	2.893925e-01
2.951622e-01	2.908950e-01
2.967322e-01	2.923968e-01
2.983022e-01	2.938978e-01
2.998722e-01	2.953981e-01
3.014422e-01	2.968977e-01
3.030122e-01	2.983965e-01
3.045822e-01	2.998947e-01
3.061522e-01	3.013920e-01
3.077222e-01	3.028887e-01
3.092923e-01	3.043846e-01
3.108623e-01	3.058797e-01
3.124323e-01	3.073741e-01
3.140023e-01	3.088677e-01
3.155723e-01	3.103606e-01
3.171423e-01	3.118527e-01
3.187123e-01	3.133440e-01
3.202823e-01	3.148346e-01
3.218523e-01	3.163243e-01
3.234224e-01	3.178133e-01
3.249924e-01	3.193016e-01
3.265624e-01	3.207890e-01
3.281324e-01	3.222756e-01
3.297024e-01	3.237615e-01
3.312724e-01	3.252465e-01
3.328424e-01	3.267308e-01
3.344124e-01	3.282142e-01
3.359825e-01	3.296968e-01
3.375525e-01	3.311787e-01
3.391225e-01	3.326597e-01
3.406925e-01	3.341399e-01
3.422625e-01	3.356192e-01
3.438325e-01	3.370977e-01
3.454025e-01	3.385755e-01
3.469725e-01	3.400523e-01
3.485425e-01	3.415283e-01
3.501126e-01	3.430035e-01
3.516826e-01	3.444779e-01
3.532526e-01	3.459514e-01
3.548226e-01	3.474240e-01
3.563926e-01	3.488958e-01
3.579626e-01	3.503667e-01
3.595326e-01	3.518368e-01
3.611026e-01	3.533060e-01
3.626726e-01	3.547743e-01
3.642427e-01	3.562417e-01
3.658127e-01	3.577083e-01
3.673827e-01	3.591740e-01
3.689527e-01	3.606388e-01
3.705227e-01	3.621027e-01
3.720927e-01	3.635657e-01
3.736627e-01	3.650279e-01
3.752327e-01	3.664891e-01
3.768027e-01	3.679494e-01
3.783728e-01	3.694088e-01
3.799428e-01	3.708673e-01
3.815128e-01	3.723249e-01
3.830828e-01	3.737816e-01
3.846528e-01	3.752373e-01
3.862228e-01	3.766922e-01
3.877928e-01	3.781461e-01
3.893628e-01	3.795990e-01
3.909329e-01	3.810511e-01
3.925029e-01	3.825021e-01
3.940729e-01	3.839523e-01
3.956429e-01	3.854015e-01
3.972129e-01	3.868497e-01
3.987829e-01	3.882970e-01
4.003529e-01	3.897434e-01
4.019229e-01	3.911888e-01
4.034929e-01	3.926332e-01
4.050630e-01	3.940766e-01
4.066330e-01	3.955191e-01
4.082030e-01	3.969606e-01
4.097730e-01	3.984011e-01
4.113430e-01	3.998407e-01
4.129130e-01	4.012792e-01
4.144830e-01	4.027168e-01
4.160530e-01	4.041534e-01
4.176230e-01	4.055889e-01
4.191931e-01	4.070235e-01
4.207631e-01	4.084571e-01
4.223331e-01	4.098897e-01
4.239031e-01	4.113212e-01
4.254731e-01	4.127518e-01
4.270431e-01	4.141813e-01
4.286131e-01	4.156098e-01
4.301831e-01	4.170373e-01
4.317531e-01	4.184637e-01
4.333232e-01	4.198891e-01
4.348932e-01	4.213135e-01
4.364632e-01	4.227369e-01
4.380332e-01	4.241592e-01
4.396032e-01	4.255804e-01
4.411732e-01	4.270006e-01
4.427432e-01	4.284198e-01
4.443132e-01	4.298379e-01
4.458833e-01	4.312549e-01
4.474533e-01	4.326709e-01
4.490233e-01	4.340858e-01
4.505933e-01	4.354997e-01
4.521633e-01	4.369125e-01
4.537333e-01	4.383241e-01
4.553033e-01	4.397348e-01
4.568733e-01	4.411443e-01
4.584433e-01	4.425527e-01
4.600134e-01	4.439601e-01
4.615834e-01	4.453663e-01
4.631534e-01	4.467715e-01
4.647234e-01	4.481755e-01
4.662934e-01	4.495785e-01
4.678634e-01	4.509803e-01
4.694334e-01	4.523811e-01
4.710034e-01	4.537807e-01
4.725734e-01	4.551792e-01
4.741435e-01	4.565766e-01
4.757135e-01	4.579728e-01
4.772835e-01	4.593679e-01
4.788535e-01	4.607619e-01
4.804235e-01	4.621548e-01
4.819935e-01	4.635465e-01
4.835635e-01	4.649371e-01
4.851335e-01	4.663265e-01
4.867036e-01	4.677148e-01
4.882736e-01	4.691019e-01
4.898436e-01	4.704879e-01
4.914136e-01	4.718727e-01
4.929836e-01	4.732563e-01
4.945536e-01	4.746388e-01
4.961236e-01	4.760201e-01
4.976936e-01	4.774002e-01
4.992636e-01	4.787792e-01
5.008337e-01	4.801570e-01
5.024037e-01	4.815336e-01
5.039737e-01	4.829090e-01
5.055437e-01	4.842832e-01
5.071137e-01	4.856562e-01
5.086837e-01	4.870280e-01
5.102537e-01	4.883987e-01
5.118237e-01	4.897681e-01
5.133937e-01	4.911363e-01
5.149638e-01	4.925033e-01
5.165338e-01	4.938691e-01
5.181038e-01	4.952337e-01
5.196738e-01	4.965970e-01
5.212438e-01	4.979591e-01
5.228138e-01	4.993200e-01
5.243838e-01	5.006797e-01
5.259538e-01	5.020382e-01
5.275238e-01	5.033954e-01
5.290939e-01	5.047513e-01
5.306639e-01	5.061060e-01
5.322339e-01	5.074595e-01
5.338039e-01	5.088117e-01
5.353739e-01	5.101627e-01
5.369439e-01	5.115124e-01
5.385139e-01	5.128608e-01
5.400839e-01	5.142080e-01
5.416540e-01	5.155539e-01
5.432240e-01	5.168985e-01
5.447940e-01	5.182419e-01
5.463640e-01	5.195840e-01
5.479340e-01	5.209248e-01
5.495040e-01	5.222643e-01
5.510740e-01	5.236026e-01
5.526440e-01	5.249395e-01
5.542140e-01	5.262752e-01
5.557841e-01	5.276095e-01
5.573541e-01	5.289426e-01
5.589241e-01	5.302743e-01
5.604941e-01	5.316048e-01
5.620641e-01	5.329339e-01
5.636341e-01	5.342617e-01
5.652041e-01	5.355882e-01
5.667741e-01	5.369134e-01
5.683441e-01	5.382372e-01
5.699142e-01	5.395598e-01
5.714842e-01	5.408810e-01
5.730542e-01	5.422008e-01
5.746242e-01	5.435194e-01
5.761942e-01	5.448366e-01
5.777642e-01	5.461524e-01
5.793342e-01	5.474669e-01
5.809042e-01	5.487801e-01
5.824742e-01	5.500919e-01
5.840443e-01	5.514023e-01
5.856143e-01	5.527114e-01
5.871843e-01	5.540191e-01
5.887543e-01	5.553255e-01
5.903243e-01	5.566305e-01
5.918943e-01	5.579341e-01
5.934643e-01	5.592363e-01
5.950343e-01	5.605372e-01
5.966044e-01	5.618367e-01
5.981744e-01	5.631348e-01
5.997444e-01	5.644315e-01
6.013144e-01	5.657268e-01
6.028844e-01	5.670207e-01
6.044544e-01	5.683132e-01
6.060244e-01	5.696044e-01
6.075944e-01	5.708941e-01
6.091644e-01	5.721824e-01
6.107345e-01	5.734693e-01
6.123045e-01	5.747548e-01
6.138745e-01	5.760389e-01
6.154445e-01	5.773215e-01
6.170145e-01	5.786027e-01
6.185845e-01	5.798825e-01
6.201545e-01	5.811609e-01
6.217245e-01	5.824379e-01
6.232945e-01	5.837134e-01
6.248646e-01	5.849874e-01
6.264346e-01	5.862601e-01
6.280046e-01	5.875312e-01
6.295746e-01	5.888010e-01
6.311446e-01	5.900692e-01
6.327146e-01	5.913361e-01
6.342846e-01	5.926014e-01
6.358546e-01	5.938653e-01
6.374247e-01	5.951278e-01
6.389947e-01	5.963888e-01
6.405647e-01	5.976483e-01
6.421347e-01	5.989063e-01
6.437047e-01	6.001629e-01
6.452747e-01	6.014179e-01
6.468447e-01	6.026715e-01
6.484147e-01	6.039236e-01
6.499847e-01	6.051743e-01
6.515548e-01	6.064234e-01
6.531248e-01	6.076710e-01
6.546948e-01	6.089172e-01
6.562648e-01	6.101618e-01
6.578348e-01	6.114049e-01
6.594048e-01	6.126465e-01
6.609748e-01	6.138867e-01
6.625448e-01	6.151253e-01
6.641148e-01	6.163623e-01
6.656849e-01	6.175979e-01
6.672549e-01	6.188320e-01
6.688249e-01	6.200645e-01
6.703949e-01	6.212955e-01
6.719649e-01	6.225249e-01
6.735349e-01	6.237528e-01
6.751049e-01	6.249792e-01
6.766749e-01	6.262041e-01
6.782449e-01	6.274274e-01
6.798150e-01	6.286491e-01
6.813850e-01	6.298693e-01
6.829550e-01	6.310880e-01
6.845250e-01	6.323051e-01
6.860950e-01	6.335206e-01
6.876650e-01	6.347346e-01
6.892350e-01	6.359470e-01
6.908050e-01	6.371579e-01
6.923751e-01	6.383671e-01
6.939451e-01	6.395748e-01
6.955151e-01	6.407810e-01
6.970851e-01	6.419855e-01
6.986551e-01	6.431885e-01
7.002251e-01	6.443898e-01
7.017951e-01	6.455896e-01
7.033651e-01	6.467878e-01
7.049351e-01	6.479844e-01
7.065052e-01	6.491794e-01
7.080752e-01	6.503728e-01
7.096452e-01	6.515646e-01
7.112152e-01	6.527548e-01
7.127852e-01	6.539434e-01
7.143552e-01	6.551304e-01
7.159252e-01	6.563158e-01
7.174952e-01	6.574995e-01
7.190652e-01	6.586816e-01
7.206353e-01	6.598621e-01
7.222053e-01	6.610410e-01
7.237753e-01	6.622182e-01
7.253453e-01	6.633939e-01
7.269153e-01	6.645678e-01
7.284853e-01	6.657402e-01
7.300553e-01	6.669109e-01
7.316253e-01	6.680799e-01
7.331953e-01	6.692473e-01
7.347654e-01	6.704131e-01
7.363354e-01	6.715772e-01
7.379054e-01	6.727396e-01
7.394754e-01	6.739004e-01
7.410454e-01	6.750595e-01
7.426154e-01	6.762170e-01
7.441854e-01	6.773728e-01
7.457554e-01	6.785269e-01
7.473255e-01	6.796794e-01
7.488955e-01	6.808302e-01
7.504655e-01	6.819793e-01
7.520355e-01	6.831267e-01
7.536055e-01	6.842724e-01
7.551755e-01	6.854165e-01
7.567455e-01	6.865588e-01
7.583155e-01	6.876995e-01
7.598855e-01	6.888385e-01
7.614556e-01	6.899758e-01
7.630256e-01	6.911113e-01
7.645956e-01	6.922452e-01
7.661656e-01	6.933774e-01
7.677356e-01	6.945078e-01
7.693056e-01	6.956366e-01
7.708756e-01	6.967636e-01
7.724456e-01	6.978889e-01
7.740156e-01	6.990125e-01
7.755857e-01	7.001344e-01
7.771557e-01	7.012545e-01
7.787257e-01	7.023729e-01
7.802957e-01	7.034896e-01
7.818657e-01	7.046045e-01
7.834357e-01	7.057178e-01
7.850057e-01	7.068292e-01
7.865757e-01	7.079390e-01
7.881458e-01	7.090469e-01
7.897158e-01	7.101532e-01
7.912858e-01	7.112577e-01
7.928558e-01	7.123604e-01
7.944258e-01	7.134614e-01
7.959958e-01	7.145606e-01
7.975658e-01	7.156581e-01
7.991358e-01	7.167538e-01
8.007058e-01	7.178477e-01
8.022759e-01	7.189398e-01
8.038459e-01	7.200302e-01
8.054159e-01	7.211188e-01
8.069859e-01	7.222057e-01
8.085559e-01	7.232907e-01
8.101259e-01	7.243740e-01
8.116959e-01	7.254555e-01
8.132659e-01	7.265352e-01
8.148359e-01	7.276131e-01
8.164060e-01	7.286892e-01
8.179760e-01	7.297635e-01
8.195460e-01	7.308360e-01
8.211160e-01	7.319067e-01
8.226860e-01	7.329756e-01
8.242560e-01	7.340427e-01
8.258260e-01	7.351080e-01
8.273960e-01	7.361715e-01
8.289660e-01	7.372332e-01
8.305361e-01	7.382930e-01
8.321061e-01	7.393511e-01
8.336761e-01	7.404073e-01
8.352461e-01	7.414617e-01
8.368161e-01	7.425142e-01
8.383861e-01	7.435649e-01
8.399561e-01	7.446138e-01
8.415261e-01	7.456609e-01
8.430962e-01	7.467061e-01
8.446662e-01	7.477495e-01
8.462362e-01	7.487910e-01
8.478062e-01	7.498307e-01
8.493762e-01	7.508686e-01
8.509462e-01	7.519046e-01
8.525162e-01	7.529387e-01
8.540862e-01	7.539710e-01
8.556562e-01	7.550014e-01
8.572263e-01	7.560300e-01
8.587963e-01	7.570567e-01
8.603663e-01	7.580815e-01
8.619363e-01	7.591044e-01
8.635063e-01	7.601255e-01
8.650763e-01	7.611448e-01
8.666463e-01	7.621621e-01
8.682163e-01	7.631776e-01
8.697863e-01	7.641911e-01
8.713564e-01	7.652028e-01
8.729264e-01	7.662127e-01
8.744964e-01	7.672206e-01
8.760664e-01	7.682266e-01
8.776364e-01	7.692308e-01
8.792064e-01	7.702330e-01
8.807764e-01	7.712333e-01
8.823464e-01	7.722318e-01
8.839164e-01	7.732283e-01
8.854865e-01	7.742230e-01
8.870565e-01	7.752157e-01
8.886265e-01	7.762065e-01
8.901965e-01	7.771954e-01
8.917665e-01	7.781824e-01
8.933365e-01	7.791675e-01
8.949065e-01	7.801506e-01
8.964765e-01	7.811318e-01
8.980466e-01	7.821111e-01
8.996166e-01	7.830885e-01
9.011866e-01	7.840639e-01
9.027566e-01	7.850375e-01
9.043266e-01	7.860090e-01
9.058966e-01	7.869787e-01
9.074666e-01	7.879464e-01
9.090366e-01	7.889121e-01
9.106066e-01	7.898759e-01
9.121767e-01	7.908378e-01
9.137467e-01	7.917977e-01
9.153167e-01	7.927557e-01
9.168867e-01	7.937117e-01
9.184567e-01	7.946657e-01
9.200267e-01	7.956178e-01
9.215967e-01	7.965679e-01
9.231667e-01	7.975161e-01
9.247367e-01	7.984623e-01
9.263068e-01	7.994065e-01
9.278768e-01	8.003488e-01
9.294468e-01	8.012891e-01
9.310168e-01	8.022274e-01
9.325868e-01	8.031637e-01
9.341568e-01	8.040981e-01
9.357268e-01	8.050305e-01
9.372968e-01	8.059609e-01
9.388668e-01	8.068893e-01
9.404369e-01	8.078157e-01
9.420069e-01	8.087401e-01
9.435769e-01	8.096625e-01
9.451469e-01	8.105830e-01
9.467169e-01	8.115014e-01
9.482869e-01	8.124178e-01
9.498569e-01	8.133323e-01
9.514269e-01	8.142447e-01
9.529970e-01	8.151551e-01
9.545670e-01	8.160635e-01
9.561370e-01	8.169699e-01
9.577070e-01	8.178743e-01
9.592770e-01	8.187767e-01
9.608470e-01	8.196771e-01
9.624170e-01	8.205754e-01
9.639870e-01	8.214717e-01
9.655570e-01	8.223660e-01
9.671271e-01	8.232582e-01
9.686971e-01	8.241485e-01
9.702671e-01	8.250367e-01
9.718371e-01	8.259228e-01
9.734071e-01	8.268070e-01
9.749771e-01	8.276890e-01
9.765471e-01	8.285691e-01
9.781171e-01	8.294471e-01
9.796871e-01	8.303231e-01
9.812572e-01	8.311970e-01
9.828272e-01	8.320688e-01
9.843972e-01	8.329387e-01
9.859672e-01	8.338064e-01
9.875372e-01	8.346721e-01
9.891072e-01	8.355358e-01
9.906772e-01	8.363974e-01
9.922472e-01	8.372569e-01
9.938173e-01	8.381144e-01
9.953873e-01	8.389698e-01
9.969573e-01	8.398231e-01
9.985273e-01	8.406744e-01
1.000097e+00	8.415236e-01
1.001667e+00	8.423707e-01
1.003237e+00	8.432157e-01
1.004807e+00	8.440587e-01
1.006377e+00	8.448995e-01
1.007947e+00	8.457383e-01
1.009517e+00	8.465751e-01
1.011087e+00	8.474097e-01
1.012657e+00	8.482422e-01
1.014227e+00	8.490727e-01
1.015797e+00	8.499010e-01
1.017367e+00	8.507273e-01
1.018937e+00	8.515514e-01
1.020507e+00	8.523735e-01
1.022077e+00	8.531935e-01
1.023647e+00	8.540113e-01
1.025217e+00	8.548271e-01
1.026787e+00	8.556407e-01
1.028358e+00	8.564522e-01
1.029928e+00	8.572617e-01
1.031498e+00	8.580690e-01
1.033068e+00	8.588742e-01
1.034638e+00	8.596773e-01
1.036208e+00	8.604782e-01
1.037778e+00	8.612771e-01
1.039348e+00	8.620738e-01
1.040918e+00	8.628684e-01
1.042488e+00	8.636608e-01
1.044058e+00	8.644512e-01
1.045628e+00	8.652394e-01
1.047198e+00	8.660254e-01
1.048768e+00	8.668094e-01
1.050338e+00	8.675912e-01
1.051908e+00	8.683709e-01
1.053478e+00	8.691484e-01
1.055048e+00	8.699238e-01
1.056618e+00	8.706970e-01
1.058188e+00	8.714681e-01
1.059758e+00	8.722370e-01
1.061328e+00	8.730038e-01
1.062898e+00	8.737684e-01
1.064468e+00	8.745309e-01
1.066038e+00	8.752913e-01
1.067608e+00	8.760494e-01
1.069178e+00	8.768054e-01
1.070748e+00	8.775593e-01
1.072318e+00	8.783110e-01
1.073888e+00	8.790605e-01
1.075458e+00	8.798079e-01
1.077028e+00	8.805531e-01
1.078598e+00	8.812961e-01
1.080168e+00	8.820369e-01
1.081738e+00	8.827756e-01
1.083308e+00	8.835121e-01
1.084878e+00	8.842464e-01
1.086448e+00	8.849785e-01
1.088018e+00	8.857085e-01
1.089588e+00	8.864363e-01
1.091158e+00	8.871619e-01
1.092728e+00	8.878853e-01
1.094298e+00	8.886065e-01
1.095868e+00	8.893255e-01
1.097438e+00	8.900423e-01
1.099008e+00	8.907570e-01
1.100578e+00	8.914694e-01
1.102148e+00	8.921796e-01
1.103718e+00	8.928877e-01
1.105288e+00	8.935935e-01
1.106858e+00	8.942972e-01
1.108428e+00	8.949986e-01
1.109998e+00	8.956978e-01
1.111568e+00	8.963949e-01
1.113138e+00	8.970897e-01
1.114708e+00	8.977823e-01
1.116278e+00	8.984727e-01
1.117848e+00	8.991608e-01
1.119418e+00	8.998468e-01
1.120988e+00	9.005305e-01
1.122558e+00	9.012121e-01
1.124128e+00	9.018914e-01
1.125698e+00	9.025684e-01
1.127268e+00	9.032433e-01
1.128838e+00	9.039159e-01
1.130408e+00	9.045863e-01
1.131978e+00	9.052545e-01
1.133548e+00	9.059204e-01
1.135118e+00	9.065841e-01
1.136688e+00	9.072456e-01
1.138258e+00	9.079048e-01
1.139828e+00	9.085618e-01
1.141398e+00	9.092165e-01
1.142968e+00	9.098691e-01
1.144538e+00	9.105193e-01
1.146108e+00	9.111673e-01
1.147678e+00	9.118131e-01
1.149248e+00	9.124567e-01
1.150818e+00	9.130979e-01
1.152388e+00	9.137370e-01
1.153958e+00	9.143737e-01
1.155528e+00	9.150083e-01
1.157098e+00	9.156405e-01
1.158668e+00	9.162706e-01
1.160238e+00	9.168983e-01
1.161808e+00	9.175238e-01
1.163378e+00	9.181470e-01
1.164948e+00	9.187680e-01
1.166519e+00	9.193867e-01
1.168089e+00	9.200031e-01
1.169659e+00	9.206173e-01
1.171229e+00	9.212292e-01
1.172799e+00	9.218389e-01
1.174369e+00	9.224462e-01
1.175939e+00	9.230513e-01
1.177509e+00	9.236541e-01
1.179079e+00	9.242546e-01
1.180649e+00	9.248529e-01
1.182219e+00	9.254489e-01
1.183789e+00	9.260426e-01
1.185359e+00	9.266340e-01
1.186929e+00	9.272231e-01
1.188499e+00	9.278099e-01
1.190069e+00	9.283945e-01
1.191639e+00	9.289768e-01
1.193209e+00	9.295567e-01
1.194779e+00	9.301344e-01
1.196349e+00	9.307098e-01
1.197919e+00	9.312829e-01
1.199489e+00	9.318537e-01
1.201059e+00	9.324222e-01
1.202629e+00	9.329884e-01
1.204199e+00	9.335523e-01
1.205769e+00	9.341139e-01
1.207339e+00	9.346732e-01
1.208909e+00	9.352302e-01
1.210479e+00	9.357849e-01
1.212049e+00	9.363373e-01
1.213619e+00	9.368874e-01
1.215189e+00	9.374352e-01
1.216759e+00	9.379806e-01
1.218329e+00	9.385238e-01
1.219899e+00	9.390646e-01
1.221469e+00	9.396031e-01
1.223039e+00	9.401393e-01
1.224609e+00	9.406732e-01
1.226179e+00	9.412048e-01
1.227749e+00	9.417340e-01
1.229319e+00	9.422610e-01
1.230889e+00	9.427856e-01
1.232459e+00	9.433078e-01
1.234029e+00	9.438278e-01
1.235599e+00	9.443454e-01
1.237169e+00	9.448607e-01
1.238739e+00	9.453737e-01
1.240309e+00	9.458843e-01
1.241879e+00	9.463926e-01
1.243449e+00	9.468986e-01
1.245019e+00	9.474023e-01
1.246589e+00	9.479036e-01
1.248159e+00	9.484025e-01
1.249729e+00	9.488992e-01
1.251299e+00	9.493935e-01
1.252869e+00	9.498854e-01
1.254439e+00	9.503750e-01
1.256009e+00	9.508623e-01
1.257579e+00	9.513472e-01
1.259149e+00	9.518298e-01
1.260719e+00	9.523100e-01
1.262289e+00	9.527879e-01
1.263859e+00	9.532635e-01
1.265429e+00	9.537367e-01
1.266999e+00	9.542075e-01
1.268569e+00	9.546760e-01
1.270139e+00	9.551421e-01
1.271709e+00	9.556059e-01
1.273279e+00	9.560673e-01
1.274849e+00	9.565264e-01
1.276419e+00	9.569831e-01
1.277989e+00	9.574374e-01
1.279559e+00	9.578894e-01
1.281129e+00	9.583391e-01
1.282699e+00	9.587863e-01
1.284269e+00	9.592312e-01
1.285839e+00	9.596738e-01
1.287409e+00	9.601139e-01
1.288979e+00	9.605517e-01
1.290549e+00	9.609872e-01
1.292119e+00	9.614202e-01
1.293689e+00	9.618509e-01
1.295259e+00	9.622793e-01
1.296829e+00	9.627052e-01
1.298399e+00	9.631288e-01
1.299969e+00	9.635500e-01
1.301539e+00	9.639689e-01
1.303110e+00	9.643853e-01
1.304680e+00	9.647994e-01
1.306250e+00	9.652111e-01
1.307820e+00	9.656204e-01
1.309390e+00	9.660274e-01
1.310960e+00	9.664319e-01
1.312530e+00	9.668341e-01
1.314100e+00	9.672339e-01
1.315670e+00	9.676313e-01
1.317240e+00	9.680263e-01
1.318810e+00	9.684190e-01
1.320380e+00	9.688092e-01
1.321950e+00	9.691971e-01
1.323520e+00	9.695826e-01
1.325090e+00	9.699657e-01
1.326660e+00	9.703464e-01
1.328230e+00	9.707247e-01
1.329800e+00	9.711006e-01
1.331370e+00	9.714741e-01
1.332940e+00	9.718452e-01
1.334510e+00	9.722140e-01
1.336080e+00	9.725803e-01
1.337650e+00	9.729442e-01
1.339220e+00	9.733058e-01
1.340790e+00	9.736649e-01
1.342360e+00	9.740216e-01
1.343930e+00	9.743760e-01
1.345500e+00	9.747279e-01
1.347070e+00	9.750774e-01
1.348640e+00	9.754246e-01
1.350210e+00	9.757693e-01
1.351780e+00	9.761116e-01
1.353350e+00	9.764515e-01
1.354920e+00	9.767890e-01
1.356490e+00	9.771241e-01
1.358060e+00	9.774568e-01
1.359630e+00	9.777871e-01
1.361200e+00	9.781150e-01
1.362770e+00	9.784404e-01
1.364340e+00	9.787635e-01
1.365910e+00	9.790841e-01
1.367480e+00	9.794023e-01
1.369050e+00	9.797181e-01
1.370620e+00	9.800315e-01
1.372190e+00	9.803425e-01
1.373760e+00	9.806511e-01
1.375330e+00	9.809572e-01
1.376900e+00	9.812609e-01
1.378470e+00	9.815622e-01
1.380040e+00	9.818611e-01
1.381610e+00	9.821576e-01
1.383180e+00	9.824516e-01
1.384750e+00	9.827433e-01
1.386320e+00	9.830325e-01
1.387890e+00	9.833192e-01
1.389460e+00	9.836036e-01
1.391030e+00	9.838855e-01
1.392600e+00	9.841650e-01
1.394170e+00	9.844421e-01
1.395740e+00	9.847168e-01
1.397310e+00	9.849890e-01
1.398880e+00	9.852588e-01
1.400450e+00	9.855262e-01
1.402020e+00	9.857911e-01
1.403590e+00	9.860536e-01
1.405160e+00	9.863137e-01
1.406730e+00	9.865713e-01
1.408300e+00	9.868265e-01
1.409870e+00	9.870793e-01
1.411440e+00	9.873297e-01
1.413010e+00	9.875776e-01
1.414580e+00	9.878231e-01
1.416150e+00	9.880661e-01
1.417720e+00	9.883067e-01
1.419290e+00	9.885449e-01
1.420860e+00	9.887806e-01
1.422430e+00	9.890139e-01
1.424000e+00	9.892448e-01
1.425570e+00	9.894732e-01
1.427140e+00	9.896992e-01
1.428710e+00	9.899228e-01
1.430280e+00	9.901439e-01
1.431850e+00	9.903625e-01
1.433420e+00	9.905788e-01
1.434990e+00	9.907925e-01
1.436560e+00	9.910039e-01
1.438130e+00	9.912128e-01
1.439701e+00	9.914192e-01
1.441271e+00	9.916233e-01
1.442841e+00	9.918248e-01
1.444411e+00	9.920239e-01
1.445981e+00	9.922206e-01
1.447551e+00	9.924148e-01
1.449121e+00	9.926066e-01
1.450691e+00	9.927960e-01
1.452261e+00	9.929829e-01
1.453831e+00	9.931673e-01
1.455401e+00	9.933493e-01
1.456971e+00	9.935288e-01
1.458541e+00	9.937059e-01
1.460111e+00	9.938806e-01
1.461681e+00	9.940528e-01
1.463251e+00	9.942225e-01
1.464821e+00	9.943898e-01
1.466391e+00	9.945547e-01
1.467961e+00	9.947171e-01
1.469531e+00	9.948770e-01
1.471101e+00	9.950345e-01
1.472671e+00	9.951895e-01
1.474241e+00	9.953421e-01
1.475811e+00	9.954923e-01
1.477381e+00	9.956399e-01
1.478951e+00	9.957852e-01
1.480521e+00	9.959279e-01
1.482091e+00	9.960682e-01
1.483661e+00	9.962061e-01
1.485231e+00	9.963415e-01
1.486801e+00	9.964745e-01
1.488371e+00	9.966049e-01
1.489941e+00	9.967330e-01
1.491511e+00	9.968586e-01
1.493081e+00	9.969817e-01
1.494651e+00	9.971023e-01
1.496221e+00	9.972205e-01
1.497791e+00	9.973363e-01
1.499361e+00	9.974496e-01
1.500931e+00	9.975604e-01
1.502501e+00	9.976688e-01
1.504071e+00	9.977747e-01
1.505641e+00	9.978781e-01
1.507211e+00	9.979791e-01
1.508781e+00	9.980777e-01
1.510351e+00	9.981737e-01
1.511921e+00	9.982674e-01
1.513491e+00	9.983585e-01
1.515061e+00	9.984472e-01
1.516631e+00	9.985334e-01
1.518201e+00	9.986172e-01
1.519771e+00	9.986985e-01
1.521341e+00	9.987773e-01
1.522911e+00	9.988537e-01
1.524481e+00	9.989276e-01
1.526051e+00	9.989991e-01
1.527621e+00	9.990681e-01
1.529191e+00	9.991346e-01
1.530761e+00	9.991987e-01
1.532331e+00	9.992603e-01
1.533901e+00	9.993195e-01
1.535471e+00	9.993761e-01
1.537041e+00	9.994304e-01
1.538611e+00	9.994821e-01
1.540181e+00	9.995314e-01
1.541751e+00	9.995782e-01
1.543321e+00	9.996226e-01
1.544891e+00	9.996645e-01
1.546461e+00	9.997039e-01
1.548031e+00	9.997409e-01
1.549601e+00	9.997754e-01
1.551171e+00	9.998074e-01
1.552741e+00	9.998370e-01
1.554311e+00	9.998641e-01
1.555881e+00	9.998888e-01
1.557451e+00	9.999110e-01
1.559021e+00	9.999307e-01
1.560591e+00	9.999479e-01
1.562161e+00	9.999627e-01
1.563731e+00	9.999750e-01
1.565301e+00	9.999849e-01
1.566871e+00	9.999923e-01
1.568441e+00	9.999972e-01
1.570011e+00	9.999997e-01
1.571581e+00	9.999997e-01
1.573151e+00	9.999972e-01
1.574721e+00	9.999923e-01
1.576292e+00	9.999849e-01
1.577862e+00	9.999750e-01
1.579432e+00	9.999627e-01
1.581002e+00	9.999479e-01
1.582572e+00	9.999307e-01
1.584142e+00	9.999110e-01
1.585712e+00	9.998888e-01
1.587282e+00	9.998641e-01
1.588852e+00	9.998370e-01
1.590422e+00	9.998074e-01
1.591992e+00	9.997754e-01
1.593562e+00	9.997409e-01
1.595132e+00	9.997039e-01
1.596702e+00	9.996645e-01
1.598272e+00	9.996226e-01
1.599842e+00	9.995782e-01
1.601412e+00	9.995314e-01
1.602982e+00	9.994821e-01
1.604552e+00	9.994303e-01
1.606122e+00	9.993761e-01
1.607692e+00	9.993194e-01
1.609262e+00	9.992603e-01
1.610832e+00	9.991987e-01
1.612402e+00	9.991346e-01
1.613972e+00	9.990681e-01
1.615542e+00	9.989991e-01
1.617112e+00	9.989276e-01
1.618682e+00	9.988537e-01
1.620252e+00	9.987773e-01
1.621822e+00	9.986985e-01
1.623392e+00	9.986172e-01
1.624962e+00	9.985334e-01
1.626532e+00	9.984472e-01
1.628102e+00	9.983585e-01
1.629672e+00	9.982673e-01
1.631242e+00	9.981737e-01
1.632812e+00	9.980776e-01
1.634382e+00	9.979791e-01
1.635952e+00	9.978781e-01
1.637522e+00	9.977747e-01
1.639092e+00	9.976688e-01
1.640662e+00	9.975604e-01
1.642232e+00	9.974496e-01
1.643802e+00	9.973363e-01
1.645372e+00	9.972205e-01
1.646942e+00	9.971023e-01
1.648512e+00	9.969817e-01
1.650082e+00	9.968585e-01
1.651652e+00	9.967330e-01
1.653222e+00	9.966049e-01
1.654792e+00	9.964744e-01
1.656362e+00	9.963415e-01
1.657932e+00	9.962061e-01
1.659502e+00	9.960682e-01
1.661072e+00	9.959279e-01
1.662642e+00	9.957851e-01
1.664212e+00	9.956399e-01
1.665782e+00	9.954922e-01
1.667352e+00	9.953421e-01
1.668922e+00	9.951895e-01
1.670492e+00	9.950345e-01
1.672062e+00	9.948770e-01
1.673632e+00	9.947170e-01
1.675202e+00	9.945547e-01
1.676772e+00	9.943898e-01
1.678342e+00	9.942225e-01
1.679912e+00	9.940528e-01
1.681482e+00	9.938806e-01
1.683052e+00	9.937059e-01
1.684622e+00	9.935288e-01
1.686192e+00	9.933493e-01
1.687762e+00	9.931673e-01
1.689332e+00	9.929828e-01
1.690902e+00	9.927959e-01
1.692472e+00	9.926066e-01
1.694042e+00	9.924148e-01
1.695612e+00	9.922206e-01
1.697182e+00	9.920239e-01
1.698752e+00	9.918248e-01
1.700322e+00	9.916232e-01
1.701892e+00	9.914192e-01
1.703462e+00	9.912128e-01
1.705032e+00	9.910039e-01
1.706602e+00	9.907925e-01
1.708172e+00	9.905787e-01
1.709742e+00	9.903625e-01
1.711312e+00	9.901438e-01
1.712882e+00	9.899227e-01
1.714453e+00	9.896992e-01
1.716023e+00	9.894732e-01
1.717593e+00	9.892448e-01
1.719163e+00	9.890139e-01
1.720733e+00	9.887806e-01
1.722303e+00	9.885449e-01
1.723873e+00	9.883067e-01
1.725443e+00	9.880661e-01
1.727013e+00	9.878230e-01
1.728583e+00	9.875775e-01
1.730153e+00	9.873296e-01
1.731723e+00	9.870793e-01
1.733293e+00	9.868265e-01
1.734863e+00	9.865713e-01
1.736433e+00	9.863136e-01
1.738003e+00	9.860536e-01
1.739573e+00	9.857910e-01
1.741143e+00	9.855261e-01
1.742713e+00	9.852587e-01
1.744283e+00	9.849889e-01
1.745853e+00	9.847167e-01
1.747423e+00	9.844421e-01
1.748993e+00	9.841650e-01
1.750563e+00	9.838855e-01
1.752133e+00	9.836035e-01
1.753703e+00	9.833192e-01
1.755273e+00	9.830324e-01
1.756843e+00	9.827432e-01
1.758413e+00	9.824516e-01
1.759983e+00	9.821575e-01
1.761553e+00	9.818611e-01
1.763123e+00	9.815622e-01
1.764693e+00	9.812609e-01
1.766263e+00	9.809572e-01
1.767833e+00	9.806510e-01
1.769403e+00	9.803425e-01
1.770973e+00	9.800315e-01
1.772543e+00	9.797181e-01
1.774113e+00	9.794023e-01
1.775683e+00	9.790841e-01
1.777253e+00	9.787634e-01
1.778823e+00	9.784404e-01
1.780393e+00	9.781149e-01
1.781963e+00	9.777870e-01
1.783533e+00	9.774568e-01
1.785103e+00	9.771241e-01
1.786673e+00	9.767890e-01
1.788243e+00	9.764515e-01
1.789813e+00	9.761116e-01
1.791383e+00	9.757692e-01
1.792953e+00	9.754245e-01
1.794523e+00	9.750774e-01
1.796093e+00	9.747279e-01
1.797663e+00	9.743759e-01
1.799233e+00	9.740216e-01
1.800803e+00	9.736648e-01
1.802373e+00	9.733057e-01
1.803943e+00	9.729442e-01
1.805513e+00	9.725802e-01
1.807083e+00	9.722139e-01
1.808653e+00	9.718452e-01
1.810223e+00	9.714740e-01
1.811793e+00	9.711005e-01
1.813363e+00	9.707246e-01
1.814933e+00	9.703463e-01
1.816503e+00	9.699656e-01
1.818073e+00	9.695825e-01
1.819643e+00	9.691970e-01
1.821213e+00	9.688092e-01
1.822783e+00	9.684189e-01
1.824353e+00	9.680263e-01
1.825923e+00	9.676313e-01
1.827493e+00	9.672338e-01
1.829063e+00	9.668340e-01
1.830633e+00	9.664319e-01
1.832203e+00	9.660273e-01
1.833773e+00	9.656204e-01
1.835343e+00	9.652110e-01
1.836913e+00	9.647993e-01
1.838483e+00	9.643852e-01
1.840053e+00	9.639688e-01
1.841623e+00	9.635500e-01
1.843193e+00	9.631287e-01
1.844763e+00	9.627052e-01
1.846333e+00	9.622792e-01
1.847903e+00	9.618509e-01
1.849473e+00	9.614202e-01
1.851044e+00	9.609871e-01
1.852614e+00	9.605517e-01
1.854184e+00	9.601139e-01
1.855754e+00	9.596737e-01
1.857324e+00	9.592311e-01
1.858894e+00	9.587862e-01
1.860464e+00	9.583390e-01
1.862034e+00	9.578893e-01
1.863604e+00	9.574374e-01
1.865174e+00	9.569830e-01
1.866744e+00	9.565263e-01
1.868314e+00	9.560672e-01
1.869884e+00	9.556058e-01
1.871454e+00	9.551420e-01
1.873024e+00	9.546759e-01
1.874594e+00	9.542074e-01
1.876164e+00	9.537366e-01
1.877734e+00	9.532634e-01
1.879304e+00	9.527878e-01
1.880874e+00	9.523100e-01
1.882444e+00	9.518297e-01
1.884014e+00	9.513471e-01
1.885584e+00	9.508622e-01
1.887154e+00	9.503749e-01
1.888724e+00	9.498853e-01
1.890294e+00	9.493934e-01
1.891864e+00	9.488991e-01
1.893434e+00	9.484025e-01
1.895004e+00	9.479035e-01
1.896574e+00	9.474022e-01
1.898144e+00	9.468985e-01
1.899714e+00	9.463926e-01
1.901284e+00	9.458842e-01
1.902854e+00	9.453736e-01
1.904424e+00	9.448606e-01
1.905994e+00	9.443453e-01
1.907564e+00	9.438277e-01
1.909134e+00	9.433078e-01
1.910704e+00	9.427855e-01
1.912274e+00	9.422609e-01
1.913844e+00	9.417339e-01
1.915414e+00	9.412047e-01
1.916984e+00	9.406731e-01
1.918554e+00	9.401392e-01
1.920124e+00	9.396030e-01
1.921694e+00	9.390645e-01
1.923264e+00	9.385237e-01
1.924834e+00	9.379805e-01
1.926404e+00	9.374351e-01
1.927974e+00	9.368873e-01
1.929544e+00	9.363372e-01
1.931114e+00	9.357848e-01
1.932684e+00	9.352301e-01
1.934254e+00	9.346731e-01
1.935824e+00	9.341138e-01
1.937394e+00	9.335522e-01
1.938964e+00	9.329883e-01
1.940534e+00	9.324221e-01
1.942104e+00	9.318536e-01
1.943674e+00	9.312828e-01
1.945244e+00	9.307097e-01
1.946814e+00	9.301343e-01
1.948384e+00	9.295566e-01
1.949954e+00	9.289767e-01
1.951524e+00	9.283944e-01
1.953094e+00	9.278098e-01
1.954664e+00	9.272230e-01
1.956234e+00	9.266339e-01
1.957804e+00	9.260425e-01
1.959374e+00	9.254488e-01
1.960944e+00	9.248528e-01
1.962514e+00	9.242545e-01
1.964084e+00	9.236540e-01
1.965654e+00	9.230512e-01
1.967224e+00	9.224461e-01
1.968794e+00	9.218387e-01
1.970364e+00	9.212291e-01
1.971934e+00	9.206172e-01
1.973504e+00	9.200030e-01
1.975074e+00	9.193866e-01
1.976644e+00	9.187679e-01
1.978214e+00	9.181469e-01
1.979784e+00	9.175237e-01
1.981354e+00	9.168982e-01
1.982924e+00	9.162705e-01
1.984494e+00	9.156404e-01
1.986064e+00	9.150082e-01
1.987635e+00	9.143736e-01
1.989205e+00	9.137369e-01
1.990775e+00	9.130978e-01
1.992345e+00	9.124565e-01
1.993915e+00	9.118130e-01
1.995485e+00	9.111672e-01
1.997055e+00	9.105192e-01
1.998625e+00	9.098689e-01
2.000195e+00	9.092164e-01
2.001765e+00	9.085617e-01
2.003335e+00	9.079047e-01
2.004905e+00	9.072455e-01
2.006475e+00	9.065840e-01
2.008045e+00	9.059203e-01
2.009615e+00	9.052543e-01
2.011185e+00	9.045862e-01
2.012755e+00	9.039158e-01
2.014325e+00	9.032432e-01
2.015895e+00	9.025683e-01
2.017465e+00	9.018912e-01
2.019035e+00	9.012119e-01
2.020605e+00	9.005304e-01
2.022175e+00	8.998467e-01
2.023745e+00	8.991607e-01
2.025315e+00	8.984725e-01
2.026885e+00	8.977822e-01
2.028455e+00	8.970896e-01
2.030025e+00	8.963947e-01
2.031595e+00	8.956977e-01
2.033165e+00	8.949985e-01
2.034735e+00	8.942971e-01
2.036305e+00	8.935934e-01
2.037875e+00	8.928876e-01
2.039445e+00	8.921795e-01
2.041015e+00	8.914693e-01
2.042585e+00	8.907568e-01
2.044155e+00	8.900422e-01
2.045725e+00	8.893254e-01
2.047295e+00	8.886064e-01
2.048865e+00	8.878851e-01
2.050435e+00	8.871617e-01
2.052005e+00	8.864361e-01
2.053575e+00	8.857084e-01
2.055145e+00	8.849784e-01
2.056715e+00	8.842463e-01
2.058285e+00	8.835120e-01
2.059855e+00	8.827755e-01
2.061425e+00	8.820368e-01
2.062995e+00	8.812960e-01
2.064565e+00	8.805529e-01
2.066135e+00	8.798077e-01
2.067705e+00	8.790604e-01
2.069275e+00	8.783109e-01
2.070845e+00	8.775592e-01
2.072415e+00	8.768053e-01
2.073985e+00	8.760493e-01
2.075555e+00	8.752911e-01
2.077125e+00	8.745308e-01
2.078695e+00	8.737683e-01
2.080265e+00	8.730037e-01
2.081835e+00	8.722369e-01
2.083405e+00	8.714679e-01
2.084975e+00	8.706969e-01
2.086545e+00	8.699236e-01
2.088115e+00	8.691482e-01
2.089685e+00	8.683707e-01
2.091255e+00	8.675911e-01
2.092825e+00	8.668093e-01
2.094395e+00	8.660253e-01
2.095965e+00	8.652392e-01
2.097535e+00	8.644510e-01
2.099105e+00	8.636607e-01
2.100675e+00	8.628682e-01
2.102245e+00	8.620736e-01
2.103815e+00	8.612769e-01
2.105385e+00	8.604781e-01
2.106955e+00	8.596771e-01
2.108525e+00	8.588740e-01
2.110095e+00	8.580688e-01
2.111665e+00	8.572615e-01
2.113235e+00	8.564521e-01
2.114805e+00	8.556406e-01
2.116375e+00	8.548269e-01
2.117945e+00	8.540112e-01
2.119515e+00	8.531933e-01
2.121085e+00	8.523734e-01
2.122655e+00	8.515513e-01
2.124225e+00	8.507271e-01
2.125796e+00	8.499009e-01
2.127366e+00	8.490725e-01
2.128936e+00	8.482421e-01
2.130506e+00	8.474095e-01
2.132076e+00	8.465749e-01
2.133646e+00	8.457382e-01
2.135216e+00	8.448994e-01
2.136786e+00	8.440585e-01
2.138356e+00	8.432156e-01
2.139926e+00	8.423705e-01
2.141496e+00	8.415234e-01
2.143066e+00	8.406742e-01
2.144636e+00	8.398230e-01
2.146206e+00	8.389696e-01
2.147776e+00	8.381142e-01
2.149346e+00	8.372568e-01
2.150916e+00	8.363972e-01
2.152486e+00	8.355356e-01
2.154056e+00	8.346720e-01
2.155626e+00	8.338063e-01
2.157196e+00	8.329385e-01
2.158766e+00	8.320687e-01
2.160336e+00	8.311968e-01
2.161906e+00	8.303229e-01
2.163476e+00	8.294470e-01
2.165046e+00	8.285689e-01
2.166616e+00	8.276889e-01
2.168186e+00	8.268068e-01
2.169756e+00	8.259227e-01
2.171326e+00	8.250365e-01
2.172896e+00	8.241483e-01
2.174466e+00	8.232581e-01
2.176036e+00	8.223658e-01
2.177606e+00	8.214715e-01
2.179176e+00	8.205752e-01
2.180746e+00	8.196769e-01
2.182316e+00	8.187765e-01
2.183886e+00	8.178742e-01
2.185456e+00	8.169698e-01
2.187026e+00	8.160634e-01
2.188596e+00	8.151550e-01
2.190166e+00	8.142445e-01
2.191736e+00	8.133321e-01
2.193306e+00	8.124177e-01
2.194876e+00	8.115012e-01
2.196446e+00	8.105828e-01
2.198016e+00	8.096624e-01
2.199586e+00	8.087399e-01
2.201156e+00	8.078155e-01
2.202726e+00	8.068891e-01
2.204296e+00	8.059607e-01
2.205866e+00	8.050303e-01
2.207436e+00	8.040979e-01
2.209006e+00	8.031636e-01
2.210576e+00	8.022272e-01
2.212146e+00	8.012889e-01
2.213716e+00	8.003486e-01
2.215286e+00	7.994064e-01
2.216856e+00	7.984621e-01
2.218426e+00	7.975159e-01
2.219996e+00	7.965678e-01
2.221566e+00	7.956176e-01
2.223136e+00	7.946655e-01
2.224706e+00	7.937115e-01
2.226276e+00	7.927555e-01
2.227846e+00	7.917975e-01
2.229416e+00	7.908376e-01
2.230986e+00	7.898758e-01
2.232556e+00	7.889119e-01
2.234126e+00	7.879462e-01
2.235696e+00	7.869785e-01
2.237266e+00	7.860089e-01
2.238836e+00	7.850373e-01
2.240406e+00	7.840638e-01
2.241976e+00	7.830883e-01
2.243546e+00	7.821110e-01
2.245116e+00	7.811317e-01
2.246686e+00	7.801504e-01
2.248256e+00	7.791673e-01
2.249826e+00	7.781822e-01
2.251396e+00	7.771952e-01
2.252966e+00	7.762063e-01
2.254536e+00	7.752155e-01
2.256106e+00	7.742228e-01
2.257676e+00	7.732282e-01
2.259246e+00	7.722316e-01
2.260816e+00	7.712332e-01
2.262387e+00	7.702328e-01
2.263957e+00	7.692306e-01
2.265527e+00	7.682264e-01
2.267097e+00	7.672204e-01
2.268667e+00	7.662125e-01
2.270237e+00	7.652027e-01
2.271807e+00	7.641910e-01
2.273377e+00	7.631774e-01
2.274947e+00	7.621619e-01
2.276517e+00	7.611446e-01
2.278087e+00	7.601254e-01
2.279657e+00	7.591043e-01
2.281227e+00	7.580813e-01
2.282797e+00	7.570565e-01
2.284367e+00	7.560298e-01
2.285937e+00	7.550012e-01
2.287507e+00	7.539708e-01
2.289077e+00	7.529385e-01
2.290647e+00	7.519044e-01
2.292217e+00	7.508684e-01
2.293787e+00	7.498305e-01
2.295357e+00	7.487909e-01
2.296927e+00	7.477493e-01
2.298497e+00	7.467059e-01
2.300067e+00	7.456607e-01
2.301637e+00	7.446137e-01
2.303207e+00	7.435648e-01
2.304777e+00	7.425140e-01
2.306347e+00	7.414615e-01
2.307917e+00	7.404071e-01
2.309487e+00	7.393509e-01
2.311057e+00	7.382929e-01
2.312627e+00	7.372330e-01
2.314197e+00	7.361713e-01
2.315767e+00	7.351079e-01
2.317337e+00	7.340426e-01
2.318907e+00	7.329755e-01
2.320477e+00	7.319065e-01
2.322047e+00	7.308358e-01
2.323617e+00	7.297633e-01
2.325187e+00	7.286890e-01
2.326757e+00	7.276129e-01
2.328327e+00	7.265350e-01
2.329897e+00	7.254553e-01
2.331467e+00	7.243738e-01
2.333037e+00	7.232905e-01
2.334607e+00	7.222055e-01
2.336177e+00	7.211186e-01
2.337747e+00	7.200300e-01
2.339317e+00	7.189396e-01
2.340887e+00	7.178475e-01
2.342457e+00	7.167536e-01
2.344027e+00	7.156579e-01
2.345597e+00	7.145604e-01
2.347167e+00	7.134612e-01
2.348737e+00	7.123602e-01
2.350307e+00	7.112575e-01
2.351877e+00	7.101530e-01
2.353447e+00	7.090468e-01
2.355017e+00	7.079388e-01
2.356587e+00	7.068290e-01
2.358157e+00	7.057176e-01
2.359727e+00	7.046044e-01
2.361297e+00	7.034894e-01
2.362867e+00	7.023727e-01
2.364437e+00	7.012543e-01
2.366007e+00	7.001342e-01
2.367577e+00	6.990123e-01
2.369147e+00	6.978887e-01
2.370717e+00	6.967634e-01
2.372287e+00	6.956364e-01
2.373857e+00	6.945076e-01
2.375427e+00	6.933772e-01
2.376997e+00	6.922450e-01
2.378567e+00	6.911111e-01
2.380137e+00	6.899756e-01
2.381707e+00	6.888383e-01
2.383277e+00	6.876993e-01
2.384847e+00	6.865586e-01
2.386417e+00	6.854163e-01
2.387987e+00	6.842722e-01
2.389557e+00	6.831265e-01
2.391127e+00	6.819791e-01
2.392697e+00	6.808300e-01
2.394267e+00	6.796792e-01
2.395837e+00	6.785267e-01
2.397407e+00	6.773726e-01
2.398978e+00	6.762168e-01
2.400548e+00	6.750593e-01
2.402118e+00	6.739002e-01
2.403688e+00	6.727394e-01
2.405258e+00	6.715770e-01
2.406828e+00	6.704129e-01
2.408398e+00	6.692471e-01
2.409968e+00	6.680797e-01
2.411538e+00	6.669107e-01
2.413108e+00	6.657400e-01
2.414678e+00	6.645676e-01
2.416248e+00	6.633937e-01
2.417818e+00	6.622180e-01
2.419388e+00	6.610408e-01
2.420958e+00	6.598619e-01
2.422528e+00	6.586814e-01
2.424098e+00	6.574993e-01
2.425668e+00	6.563156e-01
2.427238e+00	6.551302e-01
2.428808e+00	6.539432e-01
2.430378e+00	6.527546e-01
2.431948e+00	6.515644e-01
2.433518e+00	6.503726e-01
2.435088e+00	6.491792e-01
2.436658e+00	6.479842e-01
2.438228e+00	6.467876e-01
2.439798e+00	6.455894e-01
2.441368e+00	6.443896e-01
2.442938e+00	6.431883e-01
2.444508e+00	6.419853e-01
2.446078e+00	6.407808e-01
2.447648e+00	6.395746e-01
2.449218e+00	6.383669e-01
2.450788e+00	6.371577e-01
2.452358e+00	6.359468e-01
2.453928e+00	6.347344e-01
2.455498e+00	6.335204e-01
2.457068e+00	6.323049e-01
2.458638e+00	6.310878e-01
2.460208e+00	6.298691e-01
2.461778e+00	6.286489e-01
2.463348e+00	6.274272e-01
2.464918e+00	6.262039e-01
2.466488e+00	6.249790e-01
2.468058e+00	6.237526e-01
2.469628e+00	6.225247e-01
2.471198e+00	6.212953e-01
2.472768e+00	6.200643e-01
2.474338e+00	6.188317e-01
2.475908e+00	6.175977e-01
2.477478e+00	6.163621e-01
2.479048e+00	6.151251e-01
2.480618e+00	6.138865e-01
2.482188e+00	6.126463e-01
2.483758e+00	6.114047e-01
2.485328e+00	6.101616e-01
2.486898e+00	6.089169e-01
2.488468e+00	6.076708e-01
2.490038e+00	6.064232e-01
2.491608e+00	6.051740e-01
2.493178e+00	6.039234e-01
2.494748e+00	6.026713e-01
2.496318e+00	6.014177e-01
2.497888e+00	6.001626e-01
2.499458e+00	5.989061e-01
2.501028e+00	5.976481e-01
2.502598e+00	5.963885e-01
2.504168e+00	5.951276e-01
2.505738e+00	5.938651e-01
2.507308e+00	5.926012e-01
2.508878e+00	5.913359e-01
2.510448e+00	5.900690e-01
2.512018e+00	5.888007e-01
2.513588e+00	5.875310e-01
2.515158e+00	5.862598e-01
2.516728e+00	5.849872e-01
2.518298e+00	5.837131e-01
2.519868e+00	5.824376e-01
2.521438e+00	5.811607e-01
2.523008e+00	5.798823e-01
2.524578e+00	5.786025e-01
2.526148e+00	5.773213e-01
2.527718e+00	5.760386e-01
2.529288e+00	5.747546e-01
2.530858e+00	5.734691e-01
2.532428e+00	5.721822e-01
2.533998e+00	5.708939e-01
2.535568e+00	5.696041e-01
2.537139e+00	5.683130e-01
2.538709e+00	5.670205e-01
2.540279e+00	5.657266e-01
2.541849e+00	5.644313e-01
2.543419e+00	5.631346e-01
2.544989e+00	5.618365e-01
2.546559e+00	5.605370e-01
2.548129e+00	5.592361e-01
2.549699e+00	5.579339e-01
2.551269e+00	5.566303e-01
2.552839e+00	5.553253e-01
2.554409e+00	5.540189e-01
2.555979e+00	5.527112e-01
2.557549e+00	5.514021e-01
2.559119e+00	5.500917e-01
2.560689e+00	5.487799e-01
2.562259e+00	5.474667e-01
2.563829e+00	5.461522e-01
2.565399e+00	5.448363e-01
2.566969e+00	5.435192e-01
2.568539e+00	5.422006e-01
2.570109e+00	5.408808e-01
2.571679e+00	5.395596e-01
2.573249e+00	5.382370e-01
2.574819e+00	5.369132e-01
2.576389e+00	5.355880e-01
2.577959e+00	5.342615e-01
2.579529e+00	5.329337e-01
2.581099e+00	5.316045e-01
2.582669e+00	5.302741e-01
2.584239e+00	5.289423e-01
2.585809e+00	5.276093e-01
2.587379e+00	5.262749e-01
2.588949e+00	5.249393e-01
2.590519e+00	5.236023e-01
2.592089e+00	5.222641e-01
2.593659e+00	5.209246e-01
2.595229e+00	5.195838e-01
2.596799e+00	5.182417e-01
2.598369e+00	5.168983e-01
2.599939e+00	5.155537e-01
2.601509e+00	5.142078e-01
2.603079e+00	5.128606e-01
2.604649e+00	5.115121e-01
2.606219e+00	5.101624e-01
2.607789e+00	5.088115e-01
2.609359e+00	5.074593e-01
2.610929e+00	5.061058e-01
2.612499e+00	5.047511e-01
2.614069e+00	5.033951e-01
2.615639e+00	5.020379e-01
2.617209e+00	5.006795e-01
2.618779e+00	4.993198e-01
2.620349e+00	4.979589e-01
2.621919e+00	4.965968e-01
2.623489e+00	4.952334e-01
2.625059e+00	4.938689e-01
2.626629e+00	4.925031e-01
2.628199e+00	4.911361e-01
2.629769e+00	4.897679e-01
2.631339e+00	4.883984e-01
2.632909e+00	4.870278e-01
2.634479e+00	4.856560e-01
2.636049e+00	4.842830e-01
2.637619e+00	4.829087e-01
2.639189e+00	4.815333e-01
2.640759e+00	4.801567e-01
2.642329e+00	4.787790e-01
2.643899e+00	4.774000e-01
2.645469e+00	4.760199e-01
2.647039e+00	4.746386e-01
2.648609e+00	4.732561e-01
2.650179e+00	4.718724e-01
2.651749e+00	4.704876e-01
2.653319e+00	4.691017e-01
2.654889e+00	4.677145e-01
2.656459e+00	4.663263e-01
2.658029e+00	4.649368e-01
2.659599e+00	4.635463e-01
2.661169e+00	4.621545e-01
2.662739e+00	4.607617e-01
2.664309e+00	4.593677e-01
2.665879e+00	4.579726e-01
2.667449e+00	4.565763e-01
2.669019e+00	4.551790e-01
2.670589e+00	4.537805e-01
2.672159e+00	4.523808e-01
2.673730e+00	4.509801e-01
2.675300e+00	4.495783e-01
2.676870e+00	4.481753e-01
2.678440e+00	4.467712e-01
2.680010e+00	4.453661e-01
2.681580e+00	4.439598e-01
2.683150e+00	4.425525e-01
2.684720e+00	4.411440e-01
2.686290e+00	4.397345e-01
2.687860e+00	4.383239e-01
2.689430e+00	4.369122e-01
2.691000e+00	4.354994e-01
2.692570e+00	4.340856e-01
2.694140e+00	4.326707e-01
2.695710e+00	4.312547e-01
2.697280e+00	4.298377e-01
2.698850e+00	4.284196e-01
2.700420e+00	4.270004e-01
2.701990e+00	4.255802e-01
2.703560e+00	4.241589e-01
2.705130e+00	4.227366e-01
2.706700e+00	4.213133e-01
2.708270e+00	4.198889e-01
2.709840e+00	4.184635e-01
2.711410e+00	4.170370e-01
2.712980e+00	4.156095e-01
2.714550e+00	4.141810e-01
2.716120e+00	4.127515e-01
2.717690e+00	4.113210e-01
2.719260e+00	4.098894e-01
2.720830e+00	4.084568e-01
2.722400e+00	4.070233e-01
2.723970e+00	4.055887e-01
2.725540e+00	4.041531e-01
2.727110e+00	4.027165e-01
2.728680e+00	4.012790e-01
2.730250e+00	3.998404e-01
2.731820e+00	3.984009e-01
2.733390e+00	3.969604e-01
2.734960e+00	3.955189e-01
2.736530e+00	3.940764e-01
2.738100e+00	3.926329e-01
2.739670e+00	3.911885e-01
2.741240e+00	3.897431e-01
2.742810e+00	3.882968e-01
2.744380e+00	3.868495e-01
2.745950e+00	3.854012e-01
2.747520e+00	3.839520e-01
2.749090e+00	3.825019e-01
2.750660e+00	3.810508e-01
2.752230e+00	3.795988e-01
2.753800e+00	3.781458e-01
2.755370e+00	3.766919e-01
2.756940e+00	3.752371e-01
2.758510e+00	3.737813e-01
2.760080e+00	3.723247e-01
2.761650e+00	3.708671e-01
2.763220e+00	3.694086e-01
2.764790e+00	3.679492e-01
2.766360e+00	3.664888e-01
2.767930e+00	3.650276e-01
2.769500e+00	3.635655e-01
2.771070e+00	3.621025e-01
2.772640e+00	3.606386e-01
2.774210e+00	3.591737e-01
2.775780e+00	3.577081e-01
2.777350e+00	3.562415e-01
2.778920e+00	3.547740e-01
2.780490e+00	3.533057e-01
2.782060e+00	3.518365e-01
2.783630e+00	3.503665e-01
2.785200e+00	3.488955e-01
2.786770e+00	3.474238e-01
2.788340e+00	3.459511e-01
2.789910e+00	3.444776e-01
2.791480e+00	3.430033e-01
2.793050e+00	3.415281e-01
2.794620e+00	3.400521e-01
2.796190e+00	3.385752e-01
2.797760e+00	3.370975e-01
2.799330e+00	3.356190e-01
2.800900e+00	3.341396e-01
2.802470e+00	3.326594e-01
2.804040e+00	3.311784e-01
2.805610e+00	3.296966e-01
2.807180e+00	3.282140e-01
2.808750e+00	3.267305e-01
2.810321e+00	3.252463e-01
2.811891e+00	3.237612e-01
2.813461e+00	3.222754e-01
2.815031e+00	3.207887e-01
2.816601e+00	3.193013e-01
2.818171e+00	3.178131e-01
2.819741e+00	3.163241e-01
2.821311e+00	3.148343e-01
2.822881e+00	3.133437e-01
2.824451e+00	3.118524e-01
2.826021e+00	3.103603e-01
2.827591e+00	3.088674e-01
2.829161e+00	3.073738e-01
2.830731e+00	3.058794e-01
2.832301e+00	3.043843e-01
2.833871e+00	3.028884e-01
2.835441e+00	3.013918e-01
2.837011e+00	2.998944e-01
2.838581e+00	2.983963e-01
2.840151e+00	2.968974e-01
2.841721e+00	2.953978e-01
2.843291e+00	2.938975e-01
2.844861e+00	2.923965e-01
2.846431e+00	2.908947e-01
2.848001e+00	2.893923e-01
2.849571e+00	2.878891e-01
2.851141e+00	2.863852e-01
2.852711e+00	2.848806e-01
2.854281e+00	2.833753e-01
2.855851e+00	2.818693e-01
2.857421e+00	2.803626e-01
2.858991e+00	2.788552e-01
2.860561e+00	2.773471e-01
2.862131e+00	2.758383e-01
2.863701e+00	2.743289e-01
2.865271e+00	2.728188e-01
2.866841e+00	2.713080e-01
2.868411e+00	2.697965e-01
2.869981e+00	2.682844e-01
2.871551e+00	2.667716e-01
2.873121e+00	2.652582e-01
2.874691e+00	2.637441e-01
2.876261e+00	2.622293e-01
2.877831e+00	2.607140e-01
2.879401e+00	2.591979e-01
2.880971e+00	2.576812e-01
2.882541e+00	2.561639e-01
2.884111e+00	2.546460e-01
2.885681e+00	2.531274e-01
2.887251e+00	2.516082e-01
2.888821e+00	2.500884e-01
2.890391e+00	2.485680e-01
2.891961e+00	2.470470e-01
2.893531e+00	2.455253e-01
2.895101e+00	2.440030e-01
2.896671e+00	2.424802e-01
2.898241e+00	2.409567e-01
2.899811e+00	2.394327e-01
2.901381e+00	2.379080e-01
2.902951e+00	2.363828e-01
2.904521e+00	2.348570e-01
2.906091e+00	2.333306e-01
2.907661e+00	2.318037e-01
2.909231e+00	2.302761e-01
2.910801e+00	2.287480e-01
2.912371e+00	2.272194e-01
2.913941e+00	2.256901e-01
2.915511e+00	2.241604e-01
2.917081e+00	2.226300e-01
2.918651e+00	2.210991e-01
2.920221e+00	2.195677e-01
2.921791e+00	2.180357e-01
2.923361e+00	2.165032e-01
2.924931e+00	2.149702e-01
2.926501e+00	2.134366e-01
2.928071e+00	2.119025e-01
2.929641e+00	2.103679e-01
2.931211e+00	2.088328e-01
2.932781e+00	2.072971e-01
2.934351e+00	2.057610e-01
2.935921e+00	2.042243e-01
2.937491e+00	2.026871e-01
2.939061e+00	2.011494e-01
2.940631e+00	1.996113e-01
2.942201e+00	1.980726e-01
2.943771e+00	1.965335e-01
2.945341e+00	1.949938e-01
2.946912e+00	1.934537e-01
2.948482e+00	1.919131e-01
2.950052e+00	1.903721e-01
2.951622e+00	1.888305e-01
2.953192e+00	1.872885e-01
2.954762e+00	1.857461e-01
2.956332e+00	1.842032e-01
2.957902e+00	1.826598e-01
2.959472e+00	1.811160e-01
2.961042e+00	1.795717e-01
2.962612e+00	1.780270e-01
2.964182e+00	1.764818e-01
2.965752e+00	1.749362e-01
2.967322e+00	1.733902e-01
2.968892e+00	1.718438e-01
2.970462e+00	1.702969e-01
2.972032e+00	1.687496e-01
2.973602e+00	1.672019e-01
2.975172e+00	1.656538e-01
2.976742e+00	1.641053e-01
2.978312e+00	1.625564e-01
2.979882e+00	1.610070e-01
2.981452e+00	1.594573e-01
2.983022e+00	1.579072e-01
2.984592e+00	1.563567e-01
2.986162e+00	1.548058e-01
2.987732e+00	1.532545e-01
2.989302e+00	1.517029e-01
2.990872e+00	1.501508e-01
2.992442e+00	1.485984e-01
2.994012e+00	1.470457e-01
2.995582e+00	1.454925e-01
2.997152e+00	1.439391e-01
2.998722e+00	1.423852e-01
3.000292e+00	1.408310e-01
3.001862e+00	1.392765e-01
3.003432e+00	1.377216e-01
3.005002e+00	1.361664e-01
3.006572e+00	1.346108e-01
3.008142e+00	1.330550e-01
3.009712e+00	1.314987e-01
3.011282e+00	1.299422e-01
3.012852e+00	1.283853e-01
3.014422e+00	1.268282e-01
3.015992e+00	1.252707e-01
3.017562e+00	1.237129e-01
3.019132e+00	1.221548e-01
3.020702e+00	1.205964e-01
3.022272e+00	1.190377e-01
3.023842e+00	1.174787e-01
3.025412e+00	1.159194e-01
3.026982e+00	1.143598e-01
3.028552e+00	1.128000e-01
3.030122e+00	1.112398e-01
3.031692e+00	1.096794e-01
3.033262e+00	1.081188e-01
3.034832e+00	1.065578e-01
3.036402e+00	1.049966e-01
3.037972e+00	1.034352e-01
3.039542e+00	1.018734e-01
3.041112e+00	1.003115e-01
3.042682e+00	9.874926e-02
3.044252e+00	9.718680e-02
3.045822e+00	9.562410e-02
3.047392e+00	9.406116e-02
3.048962e+00	9.249800e-02
3.050532e+00	9.093460e-02
3.052102e+00	8.937099e-02
3.053672e+00	8.780715e-02
3.055242e+00	8.624309e-02
3.056812e+00	8.467883e-02
3.058382e+00	8.311435e-02
3.059952e+00	8.154967e-02
3.061522e+00	7.998479e-02
3.063092e+00	7.841971e-02
3.064662e+00	7.685443e-02
3.066232e+00	7.528897e-02
3.067802e+00	7.372333e-02
3.069372e+00	7.215750e-02
3.070942e+00	7.059149e-02
3.072512e+00	6.902531e-02
3.074082e+00	6.745896e-02
3.075652e+00	6.589244e-02
3.077222e+00	6.432576e-02
3.078792e+00	6.275892e-02
3.080362e+00	6.119193e-02
3.081932e+00	5.962478e-02
3.083502e+00	5.805749e-02
3.085073e+00	5.649006e-02
3.086643e+00	5.492248e-02
3.088213e+00	5.335478e-02
3.089783e+00	5.178694e-02
3.091353e+00	5.021897e-02
3.092923e+00	4.865088e-02
3.094493e+00	4.708266e-02
3.096063e+00	4.551434e-02
3.097633e+00	4.394590e-02
3.099203e+00	4.237735e-02
3.100773e+00	4.080870e-02
3.102343e+00	3.923994e-02
3.103913e+00	3.767109e-02
3.105483e+00	3.610215e-02
3.107053e+00	3.453312e-02
3.108623e+00	3.296400e-02
3.110193e+00	3.139480e-02
3.111763e+00	2.982553e-02
3.113333e+00	2.825618e-02
3.114903e+00	2.668676e-02
3.116473e+00	2.511727e-02
3.118043e+00	2.354773e-02
3.119613e+00	2.197812e-02
3.121183e+00	2.040847e-02
3.122753e+00	1.883876e-02
3.124323e+00	1.726900e-02
3.125893e+00	1.569920e-02
3.127463e+00	1.412937e-02
3.129033e+00	1.255949e-02
3.130603e+00	1.098959e-02
3.132173e+00	9.419663e-03
3.133743e+00	7.849710e-03
3.135313e+00	6.279738e-03
3.136883e+00	4.709750e-03
3.138453e+00	3.139751e-03